8 6 203 3
B12
C07
D12
D10
A12
C03
1	192194	145192	92112	153153	195197	146152
1	200200	179179	112108	151152	196196	152154
1	192194	192179	92112	153153	197199	152154
1	192198	145192	92112	153152	195196	146158
1	192194	179179	92100	152152	195199	152154
1	200198	145179	112118	153152	197196	146154
1	194198	179179	112108	153152	197196	146154
1	194198	145192	92100	153154	197196	146168
1	194198	145145	92102	153152	197199	154154
1	194198	179179	112112	153152	197196	154168
1	194198	145179	112108	153153	197196	154154
1	200198	145192	92092	153154	197196	154154
1	194198	192179	92112	154155	197199	146154
1	194198	145178	92112	153154	197196	168168
1	192198	145192	92100	154154	197199	146154
1	194198	179179	112108	153153	195196	152154
1	198198	145145	92102	153152	197197	152158
1	194198	192150	112104	152154	195197	146154
1	194198	145150	112112	152152	196199	146154
1	194194	145145	92112	153152	195197	154168
1	194198	192179	92092	152154	197197	146168
1	194194	145192	92112	152152	197199	154154
1	194198	145192	92112	152154	197196	152154
1	194198	0	92112	152155	0	154154
1	194198	145179	92112	152154	197199	146146
1	194198	150150	112112	152152	196199	146154
1	194200	179179	102102	153152	197199	154158
2	198198	179179	112112	153152	195197	146168
2	194198	192179	102102	153155	197199	146168
2	194200	179150	92102	152152	197199	146154
2	194194	145179	92100	152154	196199	154154
2	192196	0	92100	151154	196199	154154
2	194198	145145	92092	151154	197199	152154
2	194194	0	92092	151154	197199	154158
2	194198	150185	92092	153154	197197	154154
2	198198	179150	92092	153154	195199	154148
2	198198	179179	92092	151154	197196	146154
2	194198	145145	112100	152154	199199	154148
2	192194	145179	92102	153151	195196	152154
2	198198	145192	92092	153153	199199	154154
2	194198	145145	92112	152152	197199	154154
2	192198	145179	102102	152152	197197	154168
2	192194	145179	92112	153152	195199	146154
2	198198	145150	92100	152152	197196	152154
2	194198	145192	92110	152152	197199	154168
2	198198	145150	92092	152154	196199	154168
2	192192	145150	102116	153154	195199	152154
2	192200	179150	112110	153152	196196	154168
2	192198	145145	92092	155155	199199	152148
2	194198	145192	92100	153155	197199	152154
2	192198	179179	92102	152154	196196	146154
2	194194	179150	92112	152154	199199	154154
2	192192	145179	102116	152152	197197	154154
2	194194	192179	112102	152152	197199	154154
2	192198	145145	92102	153154	195197	154154
2	194198	145179	112112	153154	197196	152168
2	192192	145185	92102	153152	196199	154158
2	194198	145179	92102	152155	197196	146154
2	192192	145145	92112	153154	195197	146146
2	194194	145179	92112	153152	197197	154148
2	200198	179150	92100	153152	197191	146154
2	194194	150150	112102	153153	195196	146152
2	192198	150150	92112	152152	195199	146154
2	194198	145179	112102	152154	197197	0
2	192198	145150	92102	152154	197196	0
2	192198	145179	92112	154154	195195	154168
2	194198	145179	112112	152152	195196	152158
2	194194	179179	92102	154155	199199	152148
2	194194	179150	92102	152154	197199	152168
2	198198	179150	92112	153152	197197	154154
2	194194	145150	112102	152152	196196	152154
2	198198	192179	92092	153152	199199	154154
2	194198	192179	92108	152154	195199	146154
2	194198	179179	102110	152152	195197	152158
2	192198	145145	112102	154154	197197	146154
2	192198	145145	92092	152154	199199	146146
2	198198	0	112102	0	197196	0
2	192198	179150	92112	153152	196196	154154
2	192198	0	112108	153154	197197	0
2	0	0	92092	152154	197199	0
2	200198	145185	92104	151154	0	154154
2	194198	179179	102102	153152	197197	152152
2	192192	0	92092	153152	197199	152154
2	192198	179179	92110	151152	197196	154154
2	198198	179179	112100	153155	195199	152154
2	198198	145179	112112	153152	197196	154148
2	198198	145179	112112	153152	197196	154154
2	192198	145145	112102	152155	196199	168148
2	192198	145179	92112	152154	197199	154148
2	200198	0	112112	153152	197199	154144
2	192194	150150	112110	153154	199199	152148
2	192194	145179	92092	153154	196196	146154
2	192198	150150	92104	153154	197197	154148
2	194194	145179	92092	153152	197197	154154
2	200198	0	92092	153152	199199	146154
2	192198	145179	92100	151154	197197	146154
2	194198	192179	112102	152152	0	146152
2	194198	145150	100102	152152	197199	154158
2	192192	0	92102	152152	197199	154154
2	192192	145179	104104	153151	195196	146152
2	192194	145185	92092	152152	196199	154154
2	194200	145145	112102	151154	195197	152154
2	194200	0	92112	151154	195196	146154
2	200198	145192	102102	152154	197197	154148
2	192198	192179	92102	152152	195197	146154
2	194194	179179	92102	152154	197199	146154
2	198198	145145	102110	154154	197197	146154
2	192198	145179	92092	152152	197197	154158
2	198198	145192	112102	152152	195196	158168
2	194198	179150	92112	152154	196199	152154
2	194194	179150	112102	154155	197196	0
2	192194	145150	92102	152154	199199	154154
2	200198	179179	92092	152155	195197	146146
2	194198	145150	92112	154154	197196	0
2	194200	145179	92102	153151	197196	152154
2	198198	145192	92112	152152	197199	152154
2	198198	145192	92112	154154	195199	146146
2	192200	145179	100102	152152	197199	154154
2	192194	145145	92112	151155	197196	154168
2	192198	145179	92112	152155	195196	154154
2	200200	150150	92102	152154	197196	154154
2	192192	0	92092	153152	197199	0
2	194194	192179	92112	151154	197199	146152
2	194194	145145	112102	151151	197197	154144
2	0	0	92092	153152	196196	0
2	192198	145145	112112	153153	197197	152154
2	0	0	92092	152152	197197	0
2	192194	145145	92112	0	199199	146148
2	194198	145179	92100	153152	195197	154154
2	192194	145179	92112	154154	196199	154154
2	192198	179185	92112	154155	197196	154168
2	198198	179150	112102	152154	197196	154158
2	194200	192179	112100	153153	196196	146154
2	198198	179179	112112	152152	197199	154154
2	194198	145150	92102	152152	195196	146148
2	200198	145150	92110	152152	195196	146158
2	192194	145145	92112	154154	196199	146152
2	194198	145150	92102	153153	199199	154154
2	192192	145179	112102	151151	197199	168168
2	192194	145192	92102	152155	196199	146152
2	192200	145192	112102	152154	197197	154168
2	198198	179185	92102	152154	195197	154154
2	192194	192179	92092	152152	195195	146154
2	192194	145145	92092	152154	197199	154154
3	192194	145150	92100	152152	197196	146152
3	198198	179179	112102	152154	196196	146146
3	194200	145179	92092	152154	197196	152154
3	192198	145150	92092	152152	199199	168148
3	194198	179185	102102	152152	197196	154154
3	194198	145185	92092	152152	196199	152154
3	192198	179185	102110	153152	197197	146158
3	198198	145185	92112	152154	197199	152154
3	198198	179168	112110	152155	197197	146158
3	198198	145150	104104	152152	199199	154148
3	194194	145179	92092	152150	195195	146152
3	192198	145179	92112	152150	197199	152158
3	194194	145179	92116	153152	195199	152152
3	200198	145145	92100	153153	195199	146154
3	198198	179150	92112	154154	197196	154154
3	194198	145179	92112	153152	199199	152158
3	192198	145185	92092	153152	197199	146154
3	192192	145185	92112	152152	197196	154158
3	194194	145179	112116	153154	197197	152168
3	198198	145145	102102	154154	196196	154154
3	194198	179185	92112	153154	199199	152154
3	194194	179179	92092	152152	195196	152148
3	194194	145150	112116	152154	197199	152168
3	194194	179185	92102	152152	197196	146158
3	192198	145185	92092	152154	197197	152154
3	194198	145179	112116	152152	197196	152152
3	194198	150176	92100	154155	197196	154154
3	194194	150185	92092	152152	197196	152168
3	198198	145179	112098	152155	197197	154148
3	192194	145150	92092	152152	196199	0
3	194194	192179	112100	152152	197196	152154
3	194194	179179	92100	151152	195197	154168
3	194198	145179	92092	152152	199199	152158
3	192192	145150	92092	153152	195196	154158
3	194194	0	92102	152152	197199	146144
3	194198	145150	92102	153151	197196	146154
3	194198	145185	112100	153152	197196	152152
3	194198	145145	92102	152154	195199	154154
3	200198	0	92102	152154	197197	146152
3	200198	179179	92092	153151	195196	0
3	192194	145145	92112	152154	196199	146152
3	194194	185185	92112	154154	199199	146152
3	192194	185185	112112	151154	197197	152148
3	194198	145179	92100	154155	197199	152152
3	194194	192168	100100	152154	197199	146154
3	192198	145150	92112	153153	197196	152168
3	192198	145179	112102	152152	199199	152168
3	194198	145150	112102	153154	197196	146152
3	198198	145185	92112	153155	195197	146152
3	198198	179185	92112	152154	199199	0
3	194194	145150	92112	152154	195196	146146
3	194194	179179	92092	152152	197196	146148
3	192192	179185	92102	0	196196	146154
3	194198	179179	92112	152154	197199	146154
3	192198	145179	92092	151154	199199	152154
3	194198	145179	92100	154154	197199	152158
3	194194	179168	92112	151152	197199	154158
3	192194	179179	92092	151154	197196	154154
3	194198	145150	92102	152152	197197	0
3	203203	0	92092	0	199199	0
3	0	145145	92092	151152	199199	0
3	192198	0	92092	153151	197199	146154
3	194198	145145	92102	153152	197197	152154
3	194194	145179	112100	152152	196196	146152
3	194198	179185	92102	151154	195199	152154
3	192194	0	92112	0	196199	0
3	194198	145179	92112	154154	195199	154154
3	194198	179179	92112	151154	196199	152168
3	192200	145150	92112	152152	197197	146168
3	192198	145185	92112	152152	196199	146152
3	194198	145179	92092	152154	196199	146152
3	194198	145145	92112	153152	196199	146148
3	194194	145145	112100	0	199199	152154
3	198198	145145	112100	152152	197196	146154
3	192200	145179	92112	151152	199199	152154
3	192198	145150	112102	152154	197196	154158
3	194198	145179	92112	152152	197199	146148
3	192192	145145	112100	152154	196199	146154
3	192198	145150	92092	152152	195199	154154
3	192198	185185	92092	152152	197196	146146
3	198198	179185	92104	152154	195199	148148
3	192198	145185	92104	154154	195199	152154
3	192192	145145	92092	153154	197196	154154
3	194198	145150	92104	152155	196196	146146
3	192200	145179	92112	152152	196199	154168
3	194198	0	92092	152154	195199	0
3	192198	145150	102102	153152	197199	146152
3	192194	145150	112112	153152	197199	146154
3	194198	145179	92112	153152	196199	154168
3	194198	0	102102	152154	197196	0
3	192198	145179	92092	153152	199199	152154
3	194194	179185	92112	151152	195197	168148
3	194200	179179	92112	152154	195197	148148
3	194194	145185	92112	152152	199199	0
3	194198	179150	112102	153152	197196	146154
3	194194	145150	112112	153151	196199	154154
3	192198	179150	92112	154154	197196	152154
3	192194	0	92092	154154	199199	0
3	194200	179150	92112	152152	197199	0
3	192194	0	102102	153153	199199	146146
3	194198	145145	92092	152152	196199	154148
3	192192	145185	92112	152154	0	0
3	194198	179179	92100	153152	196196	152168
3	192198	145179	100104	152152	197196	168168
3	194194	145179	92112	152154	197197	154154
3	192198	145185	92112	151154	197196	152152
4	200198	192150	112102	153152	197199	146152
4	194198	0	92100	152154	196199	152154
4	194194	192192	92092	151151	196199	146152
4	194194	150185	92112	153152	196199	154168
4	192198	150185	112102	153152	199199	152148
4	194200	145150	92108	153152	196199	154148
4	194194	145145	92112	153154	197196	152148
4	194194	145192	92102	152152	197191	154154
4	192194	145145	118110	153152	199199	146150
4	192194	145185	102102	153154	196199	154148
4	192194	192185	92112	152154	195197	152154
4	194198	150150	92092	153152	196199	154168
4	194198	192179	92104	153153	197199	154148
4	200198	145185	92112	152152	197199	152154
4	192198	179150	92112	153152	199199	154154
4	192200	150150	112102	151152	199199	154158
4	192194	145185	102102	154154	197197	154168
4	194194	145145	118102	153152	197199	152148
4	194198	185185	0	152152	199199	146154
4	194198	179185	92112	154154	196199	154158
4	194194	145150	92118	152154	195196	154168
4	0	150185	0	152154	197199	152168
4	194198	185185	112118	152152	199199	146154
4	198198	145185	92092	152152	199199	152154
4	0	192150	0	152152	197199	152168
4	0	145185	0	152154	196199	168148
4	192194	179150	92092	153152	197199	154168
4	194194	192185	112102	153153	197199	154154
4	0	192150	0	153152	195199	0
4	198198	145145	92102	152152	197197	154158
4	194200	145192	92092	153152	197199	146168
4	192194	145150	0	153154	197199	152154
4	194200	145145	0	153152	197197	146152
4	198198	145150	0	154155	196196	154154
4	192198	145192	0	152152	197199	146168
4	194198	0	0	153152	0	152154
4	194194	145150	0	153152	199199	152154
4	194194	145150	92112	0	195197	154168
4	192192	145179	102102	154155	199199	154158
4	192198	179179	92092	153154	197199	154154
4	0	185185	92112	152152	197199	146148
4	192198	145145	92112	152152	196199	168148
4	194198	192179	0	153154	197199	152154
4	0	145185	0	153152	196199	154154
4	194194	192185	92112	152152	199199	152154
4	194194	145150	0	151154	199199	152158
4	194194	179150	0	152154	197199	146154
4	192198	185185	0	152152	197199	154148
4	194198	145150	0	0	195197	154148
4	0	150150	0	152152	197196	152154
4	198198	179179	92112	152154	197199	154154
4	194200	145192	92102	152154	197199	154168
4	198198	145150	112112	152152	199199	154154
4	194194	145185	92100	152152	196199	154154
4	194198	145185	112112	152152	197196	154154
4	194194	192185	92112	152154	199199	154154
4	194198	0	102102	153152	0	154154
4	194198	185185	92092	152152	199199	154168
4	192194	150185	112112	152154	197199	154168
4	194198	192185	0	0	199199	154154
4	194198	145150	92102	0	0	154148
4	0	145192	0	152152	197199	154158
4	0	0	92092	152154	0	0
4	200198	145185	112102	152152	195197	152154
4	194194	150185	92102	153152	197199	146154
4	194194	145192	0	152154	197199	146154
4	194194	145192	108108	153152	197197	154154
4	198198	145150	112118	0	197199	154154
4	194194	145192	102102	153154	199199	154154
4	200200	179185	0	152152	195196	152152
4	194194	145185	0	152154	197199	152154
5	194194	145145	112112	153153	197199	154154
5	194198	192185	92104	152154	196199	146154
5	194198	145145	92092	154155	196199	154168
5	194198	179179	108100	153151	195196	146150
5	194194	179185	92118	153151	197199	158148
5	192192	145150	112102	153152	197196	154158
5	194198	179185	104104	153153	197199	154154
5	194200	192179	92092	153152	197196	154158
5	194198	145145	92092	153152	196199	146154
5	194194	145145	112102	152152	196199	0
5	194198	145145	108108	151152	197196	0
5	198198	145150	112112	153155	197197	154168
5	192194	145145	92092	152152	196199	154168
5	194198	145179	102104	152152	195199	146158
5	192198	145192	92112	152152	196196	154154
5	192194	150185	112104	152152	196199	146152
5	198198	145145	92102	152152	197199	0
5	200198	0	92092	152152	197196	0
5	194198	179185	118102	153152	196199	146152
5	198198	145145	112112	152152	197197	0
5	194198	150185	92102	152152	196199	152154
5	194198	145145	112098	152154	197196	146154
5	194198	179179	92102	152154	196196	146154
5	194198	179185	112104	152152	196199	152154
5	194198	145179	92092	153153	196199	146152
5	194198	145145	92092	153153	197197	0
5	194200	145185	112112	153152	197196	146154
5	198198	150150	92112	152154	197199	0
5	194200	150150	92112	153152	196199	154158
5	198198	145179	112102	153152	197197	154154
5	194198	145145	102102	153151	197196	152158
5	198198	179179	112102	153152	196199	146146
5	198198	179185	112108	153151	196199	152144
5	194198	145150	92112	154155	197196	152144
5	194194	145145	92112	153152	196196	152154
5	198198	179150	92092	153152	197199	154148
5	198198	145179	92092	153151	195195	154154
5	194198	145179	112118	152152	197196	146168
5	194198	145145	112112	152154	196199	154158
5	194198	145185	92092	0	196196	152154
5	192198	145185	92092	152154	196199	152144
5	198198	145150	92112	151152	197196	146152
5	198198	145185	92112	152152	197199	154154
5	194198	179185	102102	153153	196196	152158
5	194198	145150	102102	154154	196199	0
5	194198	145150	112112	152152	196199	0
5	192200	145145	92112	153153	197199	154154
5	194194	145145	92102	152152	195196	154168
5	198198	0	92092	152154	197196	146146
5	194200	150150	92102	153152	197199	0
5	198198	145192	92102	153154	196196	152154
5	194200	145150	112112	152152	197199	152154
5	200198	150185	92104	152152	196196	146154
5	192198	192150	92104	153152	196199	152154
5	194198	192179	92100	151154	196196	154168
5	194194	145145	92102	152152	197196	0
5	194200	145145	92112	152154	196196	0
5	198198	145150	0	153152	197199	0
5	194198	179185	112100	152154	197196	154158
5	198198	0	92100	152152	196196	0
5	194200	150150	108110	153152	196199	0
5	194194	179179	92104	152152	197199	154168
5	194194	179179	92100	153155	197199	154154
5	194194	145179	92112	152152	197196	154154
5	194198	150185	92100	152152	199199	152154
5	194200	0	92092	152152	199199	0
5	194194	145179	112102	153153	196196	154154
5	194194	0	92092	152152	197196	0
5	192198	192150	112100	152152	197196	146154
5	198198	192185	92112	153153	196199	146146
5	194198	150185	92118	151152	197199	0
5	194198	179179	92092	154154	197199	0
5	192198	145145	92092	153153	196199	0
5	194198	0	92092	152152	196196	0
5	200198	145179	92112	153153	196199	152158
5	192198	145185	92092	152152	196199	158168
5	194198	145179	92118	152154	196196	146152
5	194194	192179	112112	152154	197196	146152
5	194194	145150	92112	152152	196199	152154
5	194198	179179	92100	154154	197196	154148
6	192198	145145	92112	152152	197199	0
6	192198	145150	92102	153152	197196	0
6	198198	150185	92112	151152	197199	0
6	194198	179150	92112	154154	197196	0
6	194198	145179	112112	151152	197199	0
6	192198	179150	92092	152152	196199	152144
6	192194	179150	92112	153152	197199	152154
6	200198	145185	92092	153152	197197	158144
6	194194	150185	92100	152152	196199	152158
6	192194	179150	92104	152152	197196	0
6	194198	145145	112112	152154	197199	154144
6	192194	145150	92092	152152	199199	0
6	194200	145179	92104	154157	195196	154154
6	198198	145150	92102	153152	197197	0
6	192200	145179	92118	152152	197196	0
6	200198	179179	92100	0	195196	152168
6	194200	179150	92102	157160	197196	154154
6	200198	145185	92092	153152	196196	154158
6	192194	179150	92112	153152	196196	152152
6	192200	145179	112100	152154	197196	152154
6	194198	150150	118102	152152	199199	154144
6	194194	145150	112102	153155	197197	152154
6	194198	145179	92102	153152	196196	154168
6	198198	150185	92092	152154	196199	154158
6	194194	179150	92092	153152	197196	0
6	194194	179150	102102	154155	197199	0
6	192198	145179	112112	152152	196199	0
6	200198	192150	112102	0	197196	154144
6	200198	145179	112112	152154	197196	154168
6	192198	179179	112112	153152	195196	152154
6	194194	179179	92112	152152	197199	152154
6	192194	145179	102102	153153	197196	0
6	194194	0	112102	154154	197197	0
6	192194	179179	112112	152152	197196	0
6	192198	192179	112102	0	197199	0
6	192198	0	92112	152152	197199	0
6	198198	145150	114114	154154	196199	0
6	198198	145179	112102	152154	196199	0
6	192198	145179	102102	153153	199199	0
6	194198	179150	0	152152	196196	0
6	200198	150150	102102	153152	196196	0
6	194200	145179	92112	152152	197196	0
6	194194	145150	112102	153152	197196	0
6	194198	192185	112112	153152	196196	0
6	198198	192185	112112	153152	195197	154154
6	198198	179179	92102	153152	195196	152154
6	192194	145179	112112	153153	195196	154154
6	198198	179179	92102	153152	196199	146168
6	198198	145150	100102	152154	195197	154158
6	194194	179150	92102	152154	197199	154168
6	194194	179179	92112	152154	195196	152152
6	192198	145179	92118	152152	196196	154154
6	0	192185	102102	152154	196199	154168
6	194200	145179	92102	153154	196196	0
6	194194	179179	100118	152157	197196	152152
6	194200	145192	92112	152154	197196	154148
6	194198	179179	92112	153152	197197	152154
6	198198	145150	112118	153151	196199	154154
6	194200	145145	112102	152154	197199	152152
6	198198	145179	92092	153152	197199	154154
6	194198	179150	118116	151152	196199	154168
6	194198	185185	92112	153153	197196	154158
6	200200	145179	112102	153152	197197	146152
6	192200	145179	92092	153152	197196	146168
6	200198	179185	112100	153153	196199	154168
6	194198	145185	92092	153153	197196	146152
6	194198	145179	92092	152152	197199	146154
6	194198	179150	112102	154154	197197	152152
6	198198	192179	92092	152154	197199	154144
6	194194	150150	92092	153152	197199	146168
6	198198	145179	92112	152152	197197	146168
6	194198	145179	92092	152152	197199	152154
6	194200	185185	102104	153155	197197	152152
6	194200	179185	92112	153152	197196	146152
6	200198	150150	112102	153152	195197	154158
6	194194	0	112104	152152	195199	146158
6	194198	145179	92092	152154	196196	154158
6	194198	192185	112118	153153	195197	154154
6	198198	145145	92102	153153	196199	154154
6	192198	150185	102102	152154	197196	154154
6	194194	145185	92092	152154	197199	152154
6	194198	192179	92118	152152	196199	168148
6	192198	179179	118102	154154	197196	152154
6	194198	192179	92092	153152	195196	154154
6	192198	179179	92092	153154	196199	146154
6	200198	145185	112118	153152	196199	154154
6	200198	179150	112100	152152	199199	158168
6	194194	192185	112112	152154	197197	152148
6	194198	145192	102102	153151	197197	152154
6	198198	150150	92112	152154	195199	146146
6	194194	145185	92092	152152	197197	154168
6	200198	179150	92100	152154	197199	154154
6	194194	179179	92102	153154	196199	154158
6	0	0	114114	152154	196199	0
6	194198	179150	92092	152154	195196	0
6	194198	145179	100102	153153	197196	154148
6	192200	145179	112102	152154	197196	152154
6	194198	150185	92112	153152	196199	152154
6	192194	179179	92112	153152	197197	154156
6	192198	179179	118102	152154	197196	154154
6	192192	179179	92102	154154	196199	152152
6	194194	179185	102102	152152	199199	168168
6	194194	145192	112112	153154	196199	154158
6	200198	179179	92102	152152	197199	154168
6	194198	145179	112112	153154	196196	154158
6	192198	150150	92112	153154	197199	152144
6	192198	145150	102102	153151	196196	152148
7	198198	179185	92112	152154	197199	152154
7	0	145150	92104	152152	196199	0
7	194198	192150	92102	152150	195199	154148
7	194198	145150	92104	152152	195197	154154
7	194198	145150	0	152155	199199	154148
7	192194	0	92112	152154	195199	146168
7	192192	150150	92092	152155	195199	168148
7	194194	0	92112	152154	197197	146168
7	0	150150	92112	0	196196	0
7	194200	145185	92112	152155	196196	154154
7	194200	0	92100	0	196199	0
7	194198	0	92092	152155	197197	154154
7	0	179150	0	152154	196199	152168
7	198198	145179	0	152154	196199	146152
7	194194	145150	104104	151155	199199	146154
7	0	145150	0	152152	197199	154168
7	0	192179	0	152154	197196	152148
7	194200	145145	92100	152155	196199	154168
7	194200	145179	92104	153154	197199	146152
7	194200	192150	92092	152154	197197	154154
7	198198	145150	92112	154154	197199	146154
7	192194	192179	112112	151151	197199	146154
7	200198	150185	92104	152154	197199	154148
7	194194	145185	112112	154155	199199	152154
7	192200	179150	112112	154155	197197	152154
7	194198	145179	92112	151151	195199	154148
7	194194	179150	92112	151152	195199	154154
7	200198	150150	112112	152154	197199	158168
7	194200	150150	92092	152154	197199	146152
7	198198	179150	0	152152	197199	154168
7	192200	145145	0	0	197197	154168
7	194194	0	112112	153153	0	154154
7	194198	145150	0	152152	197196	146154
7	192194	150150	0	154154	197199	146148
7	194194	145150	92092	152152	196196	0
7	194194	0	92104	152152	0	152152
7	194194	179150	92092	0	199199	154148
7	200198	145150	92112	154154	197197	146158
7	192194	192179	92102	152152	197199	154168
7	192194	179150	92112	152154	196196	146146
7	192194	145179	92092	152154	196199	154154
7	200198	145150	112100	152154	197197	154168
7	198198	145192	92102	154154	196196	146148
7	198198	192150	112118	152154	199199	152154
7	194198	179179	92112	152152	196196	152154
7	192194	145150	92112	152152	196196	152168
7	194198	179150	112112	152152	197196	154148
7	192198	179150	112112	152152	197199	154168
7	194194	185185	112102	153154	197197	146152
7	194198	145192	0	0	0	152148
7	194194	150150	92110	152155	197197	146154
7	192198	179150	92092	152152	197199	154148
7	194198	145150	92112	153154	197199	154148
7	198198	179179	92112	152154	199199	154148
7	200198	145145	112112	153152	196196	148148
7	194200	179179	92092	152152	199199	148148
7	194198	192179	92092	152152	197199	154154
7	192198	179185	92112	153152	197199	146154
7	194198	145150	112104	153152	197199	152154
7	194194	145150	92112	151151	195197	154154
7	192198	145145	92092	151152	196196	146168
7	194198	192150	92104	0	196199	154148
7	194198	145185	0	152152	195196	152154
7	198198	145145	112112	152152	197196	154148
7	192198	179150	92092	152154	196196	152154
7	198198	179150	112112	153154	197196	154168
7	192194	145185	112112	153154	0	0
7	194194	145150	92100	152155	195199	0
7	194194	145179	92112	152152	199199	154154
7	200198	192150	92110	152152	196196	146154
7	194200	192150	92102	152152	196196	146152
7	194198	145179	112112	152152	195196	152154
7	194198	145150	112102	154154	197199	152148
7	192194	179150	92092	153152	197197	152154
7	192198	145150	92104	152154	195199	158158
7	192194	145179	104104	151152	197197	152154
7	200198	145150	92110	152155	197199	154154
7	194198	145192	112112	153155	195199	154168
7	192198	179150	92092	152152	197197	154148
7	0	145192	92092	0	196199	154154
7	198198	179150	92112	152154	197199	154168
7	194200	145150	92092	154154	196196	154144
7	194194	192150	112112	154154	197199	154148
7	200198	145150	92100	153152	197199	154168
7	192192	145145	92110	151151	197199	154154
7	194198	145150	92112	153152	197197	152154
7	192198	145145	92104	152152	197197	168168
7	194198	179179	112112	152154	196196	152154
7	198198	179150	112102	151155	197199	168148
7	200198	145145	92092	152152	197196	146148
7	194194	145150	92112	152155	196199	154168
7	194198	150185	100100	152154	195196	144144
7	200198	145150	110110	152154	197199	154148
7	200198	145179	92104	152152	196196	152154
7	192198	179150	92112	152152	196199	152152
7	194200	145192	112102	152152	197196	152148
7	192198	145150	92092	153152	195197	154168
7	194198	145150	92092	152154	197199	152148
7	194200	150150	92112	154154	195199	152154
7	194198	145179	92102	151152	195199	146154
7	200198	145192	92112	152152	197199	152154
7	192194	145179	92112	153152	196199	154148
7	192198	145150	112112	154154	199199	146148
7	194198	150150	92112	152154	196199	154148
7	194198	179150	112102	152154	196199	146148
7	194198	179150	112112	154154	197199	154168
7	194198	179150	112112	152154	197199	152154
7	194194	145179	112112	154155	0	154154
7	194198	145145	92100	152154	197196	152148
7	194194	0	112112	152154	196196	152154
7	192200	145150	92112	151152	195197	152148
7	194198	145150	0	0	197199	154154
7	194200	179150	92112	152154	195196	152152
7	200198	0	0	152152	197196	154154
7	0	179179	104104	152154	197199	146154
7	194198	179179	92092	0	197196	152168
7	192194	179150	92112	152154	196196	168148
7	194198	145179	100102	153151	195195	152154
7	194198	192150	92100	152154	196199	154168
7	192198	145179	112100	152152	197199	168148
7	194198	145179	112112	153153	196196	154154
7	192194	145150	112112	153152	197197	146168
7	192194	145150	92092	152154	195196	0
7	192198	145179	112100	153152	195196	146154
7	192200	192192	112102	153152	196199	154158
7	200198	179185	92112	153152	197199	146148
7	200198	145192	92112	152154	197199	146168
7	198198	145179	92112	154154	195196	152154
7	194200	179150	92092	152152	196199	154154
7	200198	145192	92112	155155	195197	152168
7	194198	145150	112082	152152	195196	146154
7	194194	179150	92102	153154	199199	152154
7	198198	145150	92102	152152	199199	152154
7	200200	145179	92092	0	197199	154154
7	194194	145150	92112	153152	197199	0
7	194194	0	112112	154155	196196	154154
7	194198	145145	112112	152154	195197	0
7	192194	150150	92092	152152	196199	0
7	194194	179179	92112	152152	197196	152154
7	194198	145179	92112	153152	197196	146154
7	200200	179179	92092	154154	195195	146146
7	198198	145192	92112	153152	197199	146154
7	194198	179150	112112	154154	196199	146152
7	194194	179185	102102	152154	195196	146152
7	194198	179179	92112	153152	196199	0
7	194198	145185	0	0	197196	0
7	194194	145185	102104	152152	197197	152154
7	0	145150	0	154154	197199	152154
7	194200	179150	0	152154	195199	158168
7	192198	145145	112112	152154	197199	152154
7	194198	145150	92112	152155	197199	154154
7	198198	145179	92112	154154	197199	154148
7	194198	145192	92112	154154	197199	154148
7	192194	145185	92112	153154	195197	152144
7	194200	145179	92100	152154	197196	154148
7	198198	150185	92112	154155	197196	146148
7	194198	145185	92112	153153	197196	154154
7	198198	192150	92112	152152	199199	168148
7	200198	179179	92112	152155	196199	154154
7	200198	150150	92092	152154	197196	152152
7	194198	150185	112112	152155	199199	154168
7	194198	145179	92112	0	197199	146154
7	192194	179179	0	152152	196196	154144
7	200198	145150	112112	155155	197199	154148
7	194198	145185	112112	152154	197197	152154
7	192198	150185	0	153152	196196	154154
8	192200	145145	92092	152154	196199	154158
8	192192	145145	92112	152152	195197	154158
8	198198	145179	112098	152154	197197	154154
8	194198	179185	92112	152152	195199	146148
8	192194	179179	92104	152152	197197	148148
8	192198	179185	92112	152155	196196	158148
8	192200	179150	92112	153152	199199	154168
8	194194	179185	112104	152154	197196	146146
8	198198	145185	92112	153152	196199	154154
8	194198	145179	112112	152154	197196	146158
8	192198	179150	92092	152152	197199	146152
8	194200	145150	112104	153152	197199	158148
8	200198	150185	102102	153154	196199	144144
8	192192	145179	112102	151152	196196	144144
8	192192	150150	0	152154	197197	154154
8	194200	179185	0	153152	197196	154144
8	194198	179150	92108	153154	197197	154144
8	192198	145145	92092	152152	196196	154154
8	194194	145179	112112	153152	196196	154154
8	194200	179150	92112	152152	197196	158144
8	194198	145150	0	153152	199199	154154
8	194194	145145	0	154154	197197	152144
8	194194	145179	108102	152152	199199	154158
8	192192	185185	92092	153154	197197	158158
