No STACKS version specified
B12
C07
D12
D10
A12
C03
POP
  1 , 192194 145192 92112 153153 195197 146152
  2 , 200200 179179 108112 151152 196196 152154
  3 , 192194 179192 92112 153153 197199 152154
  4 , 192198 145192 92112 152153 195196 146158
  5 , 192194 179179 92100 152152 195199 152154
  6 , 198200 145179 112118 152153 196197 146154
  7 , 194198 179179 108112 152153 196197 146154
  8 , 194198 145192 92100 153154 196197 146168
  9 , 194198 145145 92102 152153 197199 154154
 10 , 194198 179179 112112 152153 196197 154168
 11 , 194198 145179 108112 153153 196197 154154
 12 , 198200 145192 9292 153154 196197 154154
 13 , 194198 179192 92112 154155 197199 146154
 14 , 194198 145178 92112 153154 196197 168168
 15 , 192198 145192 92100 154154 197199 146154
 16 , 194198 179179 108112 153153 195196 152154
 17 , 198198 145145 92102 152153 197197 152158
 18 , 194198 150192 104112 152154 195197 146154
 19 , 194198 145150 112112 152152 196199 146154
 20 , 194194 145145 92112 152153 195197 154168
 21 , 194198 179192 9292 152154 197197 146168
 22 , 194194 145192 92112 152152 197199 154154
 23 , 194198 145192 92112 152154 196197 152154
 24 , 194198 00 92112 152155 00 154154
 25 , 194198 145179 92112 152154 197199 146146
 26 , 194198 150150 112112 152152 196199 146154
 27 , 194200 179179 102102 152153 197199 154158
POP
 28 , 198198 179179 112112 152153 195197 146168
 29 , 194198 179192 102102 153155 197199 146168
 30 , 194200 150179 92102 152152 197199 146154
 31 , 194194 145179 92100 152154 196199 154154
 32 , 192196 00 92100 151154 196199 154154
 33 , 194198 145145 9292 151154 197199 152154
 34 , 194194 00 9292 151154 197199 154158
 35 , 194198 150185 9292 153154 197197 154154
 36 , 198198 150179 9292 153154 195199 148154
 37 , 198198 179179 9292 151154 196197 146154
 38 , 194198 145145 100112 152154 199199 148154
 39 , 192194 145179 92102 151153 195196 152154
 40 , 198198 145192 9292 153153 199199 154154
 41 , 194198 145145 92112 152152 197199 154154
 42 , 192198 145179 102102 152152 197197 154168
 43 , 192194 145179 92112 152153 195199 146154
 44 , 198198 145150 92100 152152 196197 152154
 45 , 194198 145192 92110 152152 197199 154168
 46 , 198198 145150 9292 152154 196199 154168
 47 , 192192 145150 102116 153154 195199 152154
 48 , 192200 150179 110112 152153 196196 154168
 49 , 192198 145145 9292 155155 199199 148152
 50 , 194198 145192 92100 153155 197199 152154
 51 , 192198 179179 92102 152154 196196 146154
 52 , 194194 150179 92112 152154 199199 154154
 53 , 192192 145179 102116 152152 197197 154154
 54 , 194194 179192 102112 152152 197199 154154
 55 , 192198 145145 92102 153154 195197 154154
 56 , 194198 145179 112112 153154 196197 152168
 57 , 192192 145185 92102 152153 196199 154158
 58 , 194198 145179 92102 152155 196197 146154
 59 , 192192 145145 92112 153154 195197 146146
 60 , 194194 145179 92112 152153 197197 148154
 61 , 198200 150179 92100 152153 191197 146154
 62 , 194194 150150 102112 153153 195196 146152
 63 , 192198 150150 92112 152152 195199 146154
 64 , 194198 145179 102112 152154 197197 00
 65 , 192198 145150 92102 152154 196197 00
 66 , 192198 145179 92112 154154 195195 154168
 67 , 194198 145179 112112 152152 195196 152158
 68 , 194194 179179 92102 154155 199199 148152
 69 , 194194 150179 92102 152154 197199 152168
 70 , 198198 150179 92112 152153 197197 154154
 71 , 194194 145150 102112 152152 196196 152154
 72 , 198198 179192 9292 152153 199199 154154
 73 , 194198 179192 92108 152154 195199 146154
 74 , 194198 179179 102110 152152 195197 152158
 75 , 192198 145145 102112 154154 197197 146154
 76 , 192198 145145 9292 152154 199199 146146
 77 , 198198 00 102112 00 196197 00
 78 , 192198 150179 92112 152153 196196 154154
 79 , 192198 00 108112 153154 197197 00
 80 , 00 00 9292 152154 197199 00
 81 , 198200 145185 92104 151154 00 154154
 82 , 194198 179179 102102 152153 197197 152152
 83 , 192192 00 9292 152153 197199 152154
 84 , 192198 179179 92110 151152 196197 154154
 85 , 198198 179179 100112 153155 195199 152154
 86 , 198198 145179 112112 152153 196197 148154
 87 , 198198 145179 112112 152153 196197 154154
 88 , 192198 145145 102112 152155 196199 148168
 89 , 192198 145179 92112 152154 197199 148154
 90 , 198200 00 112112 152153 197199 144154
 91 , 192194 150150 110112 153154 199199 148152
 92 , 192194 145179 9292 153154 196196 146154
 93 , 192198 150150 92104 153154 197197 148154
 94 , 194194 145179 9292 152153 197197 154154
 95 , 198200 00 9292 152153 199199 146154
 96 , 192198 145179 92100 151154 197197 146154
 97 , 194198 179192 102112 152152 00 146152
 98 , 194198 145150 100102 152152 197199 154158
 99 , 192192 00 92102 152152 197199 154154
100 , 192192 145179 104104 151153 195196 146152
101 , 192194 145185 9292 152152 196199 154154
102 , 194200 145145 102112 151154 195197 152154
103 , 194200 00 92112 151154 195196 146154
104 , 198200 145192 102102 152154 197197 148154
105 , 192198 179192 92102 152152 195197 146154
106 , 194194 179179 92102 152154 197199 146154
107 , 198198 145145 102110 154154 197197 146154
108 , 192198 145179 9292 152152 197197 154158
109 , 198198 145192 102112 152152 195196 158168
110 , 194198 150179 92112 152154 196199 152154
111 , 194194 150179 102112 154155 196197 00
112 , 192194 145150 92102 152154 199199 154154
113 , 198200 179179 9292 152155 195197 146146
114 , 194198 145150 92112 154154 196197 00
115 , 194200 145179 92102 151153 196197 152154
116 , 198198 145192 92112 152152 197199 152154
117 , 198198 145192 92112 154154 195199 146146
118 , 192200 145179 100102 152152 197199 154154
119 , 192194 145145 92112 151155 196197 154168
120 , 192198 145179 92112 152155 195196 154154
121 , 200200 150150 92102 152154 196197 154154
122 , 192192 00 9292 152153 197199 00
123 , 194194 179192 92112 151154 197199 146152
124 , 194194 145145 102112 151151 197197 144154
125 , 00 00 9292 152153 196196 00
126 , 192198 145145 112112 153153 197197 152154
127 , 00 00 9292 152152 197197 00
128 , 192194 145145 92112 00 199199 146148
129 , 194198 145179 92100 152153 195197 154154
130 , 192194 145179 92112 154154 196199 154154
131 , 192198 179185 92112 154155 196197 154168
132 , 198198 150179 102112 152154 196197 154158
133 , 194200 179192 100112 153153 196196 146154
134 , 198198 179179 112112 152152 197199 154154
135 , 194198 145150 92102 152152 195196 146148
136 , 198200 145150 92110 152152 195196 146158
137 , 192194 145145 92112 154154 196199 146152
138 , 194198 145150 92102 153153 199199 154154
139 , 192192 145179 102112 151151 197199 168168
140 , 192194 145192 92102 152155 196199 146152
141 , 192200 145192 102112 152154 197197 154168
142 , 198198 179185 92102 152154 195197 154154
143 , 192194 179192 9292 152152 195195 146154
144 , 192194 145145 9292 152154 197199 154154
POP
145 , 192194 145150 92100 152152 196197 146152
146 , 198198 179179 102112 152154 196196 146146
147 , 194200 145179 9292 152154 196197 152154
148 , 192198 145150 9292 152152 199199 148168
149 , 194198 179185 102102 152152 196197 154154
150 , 194198 145185 9292 152152 196199 152154
151 , 192198 179185 102110 152153 197197 146158
152 , 198198 145185 92112 152154 197199 152154
153 , 198198 168179 110112 152155 197197 146158
154 , 198198 145150 104104 152152 199199 148154
155 , 194194 145179 9292 150152 195195 146152
156 , 192198 145179 92112 150152 197199 152158
157 , 194194 145179 92116 152153 195199 152152
158 , 198200 145145 92100 153153 195199 146154
159 , 198198 150179 92112 154154 196197 154154
160 , 194198 145179 92112 152153 199199 152158
161 , 192198 145185 9292 152153 197199 146154
162 , 192192 145185 92112 152152 196197 154158
163 , 194194 145179 112116 153154 197197 152168
164 , 198198 145145 102102 154154 196196 154154
165 , 194198 179185 92112 153154 199199 152154
166 , 194194 179179 9292 152152 195196 148152
167 , 194194 145150 112116 152154 197199 152168
168 , 194194 179185 92102 152152 196197 146158
169 , 192198 145185 9292 152154 197197 152154
170 , 194198 145179 112116 152152 196197 152152
171 , 194198 150176 92100 154155 196197 154154
172 , 194194 150185 9292 152152 196197 152168
173 , 198198 145179 98112 152155 197197 148154
174 , 192194 145150 9292 152152 196199 00
175 , 194194 179192 100112 152152 196197 152154
176 , 194194 179179 92100 151152 195197 154168
177 , 194198 145179 9292 152152 199199 152158
178 , 192192 145150 9292 152153 195196 154158
179 , 194194 00 92102 152152 197199 144146
180 , 194198 145150 92102 151153 196197 146154
181 , 194198 145185 100112 152153 196197 152152
182 , 194198 145145 92102 152154 195199 154154
183 , 198200 00 92102 152154 197197 146152
184 , 198200 179179 9292 151153 195196 00
185 , 192194 145145 92112 152154 196199 146152
186 , 194194 185185 92112 154154 199199 146152
187 , 192194 185185 112112 151154 197197 148152
188 , 194198 145179 92100 154155 197199 152152
189 , 194194 168192 100100 152154 197199 146154
190 , 192198 145150 92112 153153 196197 152168
191 , 192198 145179 102112 152152 199199 152168
192 , 194198 145150 102112 153154 196197 146152
193 , 198198 145185 92112 153155 195197 146152
194 , 198198 179185 92112 152154 199199 00
195 , 194194 145150 92112 152154 195196 146146
196 , 194194 179179 9292 152152 196197 146148
197 , 192192 179185 92102 00 196196 146154
198 , 194198 179179 92112 152154 197199 146154
199 , 192198 145179 9292 151154 199199 152154
200 , 194198 145179 92100 154154 197199 152158
201 , 194194 168179 92112 151152 197199 154158
202 , 192194 179179 9292 151154 196197 154154
203 , 194198 145150 92102 152152 197197 00
204 , 203203 00 9292 00 199199 00
205 , 00 145145 9292 151152 199199 00
206 , 192198 00 9292 151153 197199 146154
207 , 194198 145145 92102 152153 197197 152154
208 , 194194 145179 100112 152152 196196 146152
209 , 194198 179185 92102 151154 195199 152154
210 , 192194 00 92112 00 196199 00
211 , 194198 145179 92112 154154 195199 154154
212 , 194198 179179 92112 151154 196199 152168
213 , 192200 145150 92112 152152 197197 146168
214 , 192198 145185 92112 152152 196199 146152
215 , 194198 145179 9292 152154 196199 146152
216 , 194198 145145 92112 152153 196199 146148
217 , 194194 145145 100112 00 199199 152154
218 , 198198 145145 100112 152152 196197 146154
219 , 192200 145179 92112 151152 199199 152154
220 , 192198 145150 102112 152154 196197 154158
221 , 194198 145179 92112 152152 197199 146148
222 , 192192 145145 100112 152154 196199 146154
223 , 192198 145150 9292 152152 195199 154154
224 , 192198 185185 9292 152152 196197 146146
225 , 198198 179185 92104 152154 195199 148148
226 , 192198 145185 92104 154154 195199 152154
227 , 192192 145145 9292 153154 196197 154154
228 , 194198 145150 92104 152155 196196 146146
229 , 192200 145179 92112 152152 196199 154168
230 , 194198 00 9292 152154 195199 00
231 , 192198 145150 102102 152153 197199 146152
232 , 192194 145150 112112 152153 197199 146154
233 , 194198 145179 92112 152153 196199 154168
234 , 194198 00 102102 152154 196197 00
235 , 192198 145179 9292 152153 199199 152154
236 , 194194 179185 92112 151152 195197 148168
237 , 194200 179179 92112 152154 195197 148148
238 , 194194 145185 92112 152152 199199 00
239 , 194198 150179 102112 152153 196197 146154
240 , 194194 145150 112112 151153 196199 154154
241 , 192198 150179 92112 154154 196197 152154
242 , 192194 00 9292 154154 199199 00
243 , 194200 150179 92112 152152 197199 00
244 , 192194 00 102102 153153 199199 146146
245 , 194198 145145 9292 152152 196199 148154
246 , 192192 145185 92112 152154 00 00
247 , 194198 179179 92100 152153 196196 152168
248 , 192198 145179 100104 152152 196197 168168
249 , 194194 145179 92112 152154 197197 154154
250 , 192198 145185 92112 151154 196197 152152
POP
251 , 198200 150192 102112 152153 197199 146152
252 , 194198 00 92100 152154 196199 152154
253 , 194194 192192 9292 151151 196199 146152
254 , 194194 150185 92112 152153 196199 154168
255 , 192198 150185 102112 152153 199199 148152
256 , 194200 145150 92108 152153 196199 148154
257 , 194194 145145 92112 153154 196197 148152
258 , 194194 145192 92102 152152 191197 154154
259 , 192194 145145 110118 152153 199199 146150
260 , 192194 145185 102102 153154 196199 148154
261 , 192194 185192 92112 152154 195197 152154
262 , 194198 150150 9292 152153 196199 154168
263 , 194198 179192 92104 153153 197199 148154
264 , 198200 145185 92112 152152 197199 152154
265 , 192198 150179 92112 152153 199199 154154
266 , 192200 150150 102112 151152 199199 154158
267 , 192194 145185 102102 154154 197197 154168
268 , 194194 145145 102118 152153 197199 148152
269 , 194198 185185 00 152152 199199 146154
270 , 194198 179185 92112 154154 196199 154158
271 , 194194 145150 92118 152154 195196 154168
272 , 00 150185 00 152154 197199 152168
273 , 194198 185185 112118 152152 199199 146154
274 , 198198 145185 9292 152152 199199 152154
275 , 00 150192 00 152152 197199 152168
276 , 00 145185 00 152154 196199 148168
277 , 192194 150179 9292 152153 197199 154168
278 , 194194 185192 102112 153153 197199 154154
279 , 00 150192 00 152153 195199 00
280 , 198198 145145 92102 152152 197197 154158
281 , 194200 145192 9292 152153 197199 146168
282 , 192194 145150 00 153154 197199 152154
283 , 194200 145145 00 152153 197197 146152
284 , 198198 145150 00 154155 196196 154154
285 , 192198 145192 00 152152 197199 146168
286 , 194198 00 00 152153 00 152154
287 , 194194 145150 00 152153 199199 152154
288 , 194194 145150 92112 00 195197 154168
289 , 192192 145179 102102 154155 199199 154158
290 , 192198 179179 9292 153154 197199 154154
291 , 00 185185 92112 152152 197199 146148
292 , 192198 145145 92112 152152 196199 148168
293 , 194198 179192 00 153154 197199 152154
294 , 00 145185 00 152153 196199 154154
295 , 194194 185192 92112 152152 199199 152154
296 , 194194 145150 00 151154 199199 152158
297 , 194194 150179 00 152154 197199 146154
298 , 192198 185185 00 152152 197199 148154
299 , 194198 145150 00 00 195197 148154
300 , 00 150150 00 152152 196197 152154
301 , 198198 179179 92112 152154 197199 154154
302 , 194200 145192 92102 152154 197199 154168
303 , 198198 145150 112112 152152 199199 154154
304 , 194194 145185 92100 152152 196199 154154
305 , 194198 145185 112112 152152 196197 154154
306 , 194194 185192 92112 152154 199199 154154
307 , 194198 00 102102 152153 00 154154
308 , 194198 185185 9292 152152 199199 154168
309 , 192194 150185 112112 152154 197199 154168
310 , 194198 185192 00 00 199199 154154
311 , 194198 145150 92102 00 00 148154
312 , 00 145192 00 152152 197199 154158
313 , 00 00 9292 152154 00 00
314 , 198200 145185 102112 152152 195197 152154
315 , 194194 150185 92102 152153 197199 146154
316 , 194194 145192 00 152154 197199 146154
317 , 194194 145192 108108 152153 197197 154154
318 , 198198 145150 112118 00 197199 154154
319 , 194194 145192 102102 153154 199199 154154
320 , 200200 179185 00 152152 195196 152152
321 , 194194 145185 00 152154 197199 152154
POP
322 , 194194 145145 112112 153153 197199 154154
323 , 194198 185192 92104 152154 196199 146154
324 , 194198 145145 9292 154155 196199 154168
325 , 194198 179179 100108 151153 195196 146150
326 , 194194 179185 92118 151153 197199 148158
327 , 192192 145150 102112 152153 196197 154158
328 , 194198 179185 104104 153153 197199 154154
329 , 194200 179192 9292 152153 196197 154158
330 , 194198 145145 9292 152153 196199 146154
331 , 194194 145145 102112 152152 196199 00
332 , 194198 145145 108108 151152 196197 00
333 , 198198 145150 112112 153155 197197 154168
334 , 192194 145145 9292 152152 196199 154168
335 , 194198 145179 104102 152152 195199 146158
336 , 192198 145192 92112 152152 196196 154154
337 , 192194 150185 104112 152152 196199 146152
338 , 198198 145145 92102 152152 197199 00
339 , 198200 00 9292 152152 196197 00
340 , 194198 179185 102118 152153 196199 146152
341 , 198198 145145 112112 152152 197197 00
342 , 194198 150185 92102 152152 196199 152154
343 , 194198 145145 98112 152154 196197 146154
344 , 194198 179179 92102 152154 196196 146154
345 , 194198 179185 104112 152152 196199 152154
346 , 194198 145179 9292 153153 196199 146152
347 , 194198 145145 9292 153153 197197 00
348 , 194200 145185 112112 152153 196197 146154
349 , 198198 150150 92112 152154 197199 00
350 , 194200 150150 92112 152153 196199 154158
351 , 198198 145179 102112 152153 197197 154154
352 , 194198 145145 102102 151153 196197 152158
353 , 198198 179179 102112 152153 196199 146146
354 , 198198 179185 108112 151153 196199 144152
355 , 194198 145150 92112 154155 196197 144152
356 , 194194 145145 92112 152153 196196 152154
357 , 198198 150179 9292 152153 197199 148154
358 , 198198 145179 9292 151153 195195 154154
359 , 194198 145179 112118 152152 196197 146168
360 , 194198 145145 112112 152154 196199 154158
361 , 194198 145185 9292 00 196196 152154
362 , 192198 145185 9292 152154 196199 144152
363 , 198198 145150 92112 151152 196197 146152
364 , 198198 145185 92112 152152 197199 154154
365 , 194198 179185 102102 153153 196196 152158
366 , 194198 145150 102102 154154 196199 00
367 , 194198 145150 112112 152152 196199 00
368 , 192200 145145 92112 153153 197199 154154
369 , 194194 145145 92102 152152 195196 154168
370 , 198198 00 9292 152154 196197 146146
371 , 194200 150150 92102 152153 197199 00
372 , 198198 145192 92102 153154 196196 152154
373 , 194200 145150 112112 152152 197199 152154
374 , 198200 150185 92104 152152 196196 146154
375 , 192198 150192 92104 152153 196199 152154
376 , 194198 179192 92100 151154 196196 154168
377 , 194194 145145 92102 152152 196197 00
378 , 194200 145145 92112 152154 196196 00
379 , 198198 145150 00 152153 197199 00
380 , 194198 179185 100112 152154 196197 154158
381 , 198198 00 92100 152152 196196 00
382 , 194200 150150 108110 152153 196199 00
383 , 194194 179179 92104 152152 197199 154168
384 , 194194 179179 92100 153155 197199 154154
385 , 194194 145179 92112 152152 196197 154154
386 , 194198 150185 92100 152152 199199 152154
387 , 194200 00 9292 152152 199199 00
388 , 194194 145179 102112 153153 196196 154154
389 , 194194 00 9292 152152 196197 00
390 , 192198 150192 100112 152152 196197 146154
391 , 198198 185192 92112 153153 196199 146146
392 , 194198 150185 92118 151152 197199 00
393 , 194198 179179 9292 154154 197199 00
394 , 192198 145145 9292 153153 196199 00
395 , 194198 00 9292 152152 196196 00
396 , 198200 145179 92112 153153 196199 152158
397 , 192198 145185 9292 152152 196199 158168
398 , 194198 145179 92118 152154 196196 146152
399 , 194194 179192 112112 152154 196197 146152
400 , 194194 145150 92112 152152 196199 152154
401 , 194198 179179 92100 154154 196197 148154
POP
402 , 192198 145145 92112 152152 197199 00
403 , 192198 145150 92102 152153 196197 00
404 , 198198 150185 92112 151152 197199 00
405 , 194198 150179 92112 154154 196197 00
406 , 194198 145179 112112 151152 197199 00
407 , 192198 150179 9292 152152 196199 144152
408 , 192194 150179 92112 152153 197199 152154
409 , 198200 145185 9292 152153 197197 144158
410 , 194194 150185 92100 152152 196199 152158
411 , 192194 150179 92104 152152 196197 00
412 , 194198 145145 112112 152154 197199 144154
413 , 192194 145150 9292 152152 199199 00
414 , 194200 145179 92104 154157 195196 154154
415 , 198198 145150 92102 152153 197197 00
416 , 192200 145179 92118 152152 196197 00
417 , 198200 179179 92100 00 195196 152168
418 , 194200 150179 92102 157160 196197 154154
419 , 198200 145185 9292 152153 196196 154158
420 , 192194 150179 92112 152153 196196 152152
421 , 192200 145179 100112 152154 196197 152154
422 , 194198 150150 102118 152152 199199 144154
423 , 194194 145150 102112 153155 197197 152154
424 , 194198 145179 92102 152153 196196 154168
425 , 198198 150185 9292 152154 196199 154158
426 , 194194 150179 9292 152153 196197 00
427 , 194194 150179 102102 154155 197199 00
428 , 192198 145179 112112 152152 196199 00
429 , 198200 150192 102112 00 196197 144154
430 , 198200 145179 112112 152154 196197 154168
431 , 192198 179179 112112 152153 195196 152154
432 , 194194 179179 92112 152152 197199 152154
433 , 192194 145179 102102 153153 196197 00
434 , 194194 00 102112 154154 197197 00
435 , 192194 179179 112112 152152 196197 00
436 , 192198 179192 102112 00 197199 00
437 , 192198 00 92112 152152 197199 00
438 , 198198 145150 114114 154154 196199 00
439 , 198198 145179 102112 152154 196199 00
440 , 192198 145179 102102 153153 199199 00
441 , 194198 150179 00 152152 196196 00
442 , 198200 150150 102102 152153 196196 00
443 , 194200 145179 92112 152152 196197 00
444 , 194194 145150 102112 152153 196197 00
445 , 194198 185192 112112 152153 196196 00
446 , 198198 185192 112112 152153 195197 154154
447 , 198198 179179 92102 152153 195196 152154
448 , 192194 145179 112112 153153 195196 154154
449 , 198198 179179 92102 152153 196199 146168
450 , 198198 145150 100102 152154 195197 154158
451 , 194194 150179 92102 152154 197199 154168
452 , 194194 179179 92112 152154 195196 152152
453 , 192198 145179 92118 152152 196196 154154
454 , 00 185192 102102 152154 196199 154168
455 , 194200 145179 92102 153154 196196 00
456 , 194194 179179 100118 152157 196197 152152
457 , 194200 145192 92112 152154 196197 148154
458 , 194198 179179 92112 152153 197197 152154
459 , 198198 145150 112118 151153 196199 154154
460 , 194200 145145 102112 152154 197199 152152
461 , 198198 145179 9292 152153 197199 154154
462 , 194198 150179 116118 151152 196199 154168
463 , 194198 185185 92112 153153 196197 154158
464 , 200200 145179 102112 152153 197197 146152
465 , 192200 145179 9292 152153 196197 146168
466 , 198200 179185 100112 153153 196199 154168
467 , 194198 145185 9292 153153 196197 146152
468 , 194198 145179 9292 152152 197199 146154
469 , 194198 150179 102112 154154 197197 152152
470 , 198198 179192 9292 152154 197199 144154
471 , 194194 150150 9292 152153 197199 146168
472 , 198198 145179 92112 152152 197197 146168
473 , 194198 145179 9292 152152 197199 152154
474 , 194200 185185 102104 153155 197197 152152
475 , 194200 179185 92112 152153 196197 146152
476 , 198200 150150 102112 152153 195197 154158
477 , 194194 00 104112 152152 195199 146158
478 , 194198 145179 9292 152154 196196 154158
479 , 194198 185192 112118 153153 195197 154154
480 , 198198 145145 92102 153153 196199 154154
481 , 192198 150185 102102 152154 196197 154154
482 , 194194 145185 9292 152154 197199 152154
483 , 194198 179192 92118 152152 196199 148168
484 , 192198 179179 102118 154154 196197 152154
485 , 194198 179192 9292 152153 195196 154154
486 , 192198 179179 9292 153154 196199 146154
487 , 198200 145185 112118 152153 196199 154154
488 , 198200 150179 100112 152152 199199 158168
489 , 194194 185192 112112 152154 197197 148152
490 , 194198 145192 102102 151153 197197 152154
491 , 198198 150150 92112 152154 195199 146146
492 , 194194 145185 9292 152152 197197 154168
493 , 198200 150179 92100 152154 197199 154154
494 , 194194 179179 92102 153154 196199 154158
495 , 00 00 114114 152154 196199 00
496 , 194198 150179 9292 152154 195196 00
497 , 194198 145179 100102 153153 196197 148154
498 , 192200 145179 102112 152154 196197 152154
499 , 194198 150185 92112 152153 196199 152154
500 , 192194 179179 92112 152153 197197 154156
501 , 192198 179179 102118 152154 196197 154154
502 , 192192 179179 92102 154154 196199 152152
503 , 194194 179185 102102 152152 199199 168168
504 , 194194 145192 112112 153154 196199 154158
505 , 198200 179179 92102 152152 197199 154168
506 , 194198 145179 112112 153154 196196 154158
507 , 192198 150150 92112 153154 197199 144152
508 , 192198 145150 102102 151153 196196 148152
POP
509 , 198198 179185 92112 152154 197199 152154
510 , 00 145150 92104 152152 196199 00
511 , 194198 150192 92102 150152 195199 148154
512 , 194198 145150 92104 152152 195197 154154
513 , 194198 145150 00 152155 199199 148154
514 , 192194 00 92112 152154 195199 146168
515 , 192192 150150 9292 152155 195199 148168
516 , 194194 00 92112 152154 197197 146168
517 , 00 150150 92112 00 196196 00
518 , 194200 145185 92112 152155 196196 154154
519 , 194200 00 92100 00 196199 00
520 , 194198 00 9292 152155 197197 154154
521 , 00 150179 00 152154 196199 152168
522 , 198198 145179 00 152154 196199 146152
523 , 194194 145150 104104 151155 199199 146154
524 , 00 145150 00 152152 197199 154168
525 , 00 179192 00 152154 196197 148152
526 , 194200 145145 92100 152155 196199 154168
527 , 194200 145179 92104 153154 197199 146152
528 , 194200 150192 9292 152154 197197 154154
529 , 198198 145150 92112 154154 197199 146154
530 , 192194 179192 112112 151151 197199 146154
531 , 198200 150185 92104 152154 197199 148154
532 , 194194 145185 112112 154155 199199 152154
533 , 192200 150179 112112 154155 197197 152154
534 , 194198 145179 92112 151151 195199 148154
535 , 194194 150179 92112 151152 195199 154154
536 , 198200 150150 112112 152154 197199 158168
537 , 194200 150150 9292 152154 197199 146152
538 , 198198 150179 00 152152 197199 154168
539 , 192200 145145 00 00 197197 154168
540 , 194194 00 112112 153153 00 154154
541 , 194198 145150 00 152152 196197 146154
542 , 192194 150150 00 154154 197199 146148
543 , 194194 145150 9292 152152 196196 00
544 , 194194 00 92104 152152 00 152152
545 , 194194 150179 9292 00 199199 148154
546 , 198200 145150 92112 154154 197197 146158
547 , 192194 179192 92102 152152 197199 154168
548 , 192194 150179 92112 152154 196196 146146
549 , 192194 145179 9292 152154 196199 154154
550 , 198200 145150 100112 152154 197197 154168
551 , 198198 145192 92102 154154 196196 146148
552 , 198198 150192 112118 152154 199199 152154
553 , 194198 179179 92112 152152 196196 152154
554 , 192194 145150 92112 152152 196196 152168
555 , 194198 150179 112112 152152 196197 148154
556 , 192198 150179 112112 152152 197199 154168
557 , 194194 185185 102112 153154 197197 146152
558 , 194198 145192 00 00 00 148152
559 , 194194 150150 92110 152155 197197 146154
560 , 192198 150179 9292 152152 197199 148154
561 , 194198 145150 92112 153154 197199 148154
562 , 198198 179179 92112 152154 199199 148154
563 , 198200 145145 112112 152153 196196 148148
564 , 194200 179179 9292 152152 199199 148148
565 , 194198 179192 9292 152152 197199 154154
566 , 192198 179185 92112 152153 197199 146154
567 , 194198 145150 104112 152153 197199 152154
568 , 194194 145150 92112 151151 195197 154154
569 , 192198 145145 9292 151152 196196 146168
570 , 194198 150192 92104 00 196199 148154
571 , 194198 145185 00 152152 195196 152154
572 , 198198 145145 112112 152152 196197 148154
573 , 192198 150179 9292 152154 196196 152154
574 , 198198 150179 112112 153154 196197 154168
575 , 192194 145185 112112 153154 00 00
576 , 194194 145150 92100 152155 195199 00
577 , 194194 145179 92112 152152 199199 154154
578 , 198200 150192 92110 152152 196196 146154
579 , 194200 150192 92102 152152 196196 146152
580 , 194198 145179 112112 152152 195196 152154
581 , 194198 145150 102112 154154 197199 148152
582 , 192194 150179 9292 152153 197197 152154
583 , 192198 145150 92104 152154 195199 158158
584 , 192194 145179 104104 151152 197197 152154
585 , 198200 145150 92110 152155 197199 154154
586 , 194198 145192 112112 153155 195199 154168
587 , 192198 150179 9292 152152 197197 148154
588 , 00 145192 9292 00 196199 154154
589 , 198198 150179 92112 152154 197199 154168
590 , 194200 145150 9292 154154 196196 144154
591 , 194194 150192 112112 154154 197199 148154
592 , 198200 145150 92100 152153 197199 154168
593 , 192192 145145 92110 151151 197199 154154
594 , 194198 145150 92112 152153 197197 152154
595 , 192198 145145 92104 152152 197197 168168
596 , 194198 179179 112112 152154 196196 152154
597 , 198198 150179 102112 151155 197199 148168
598 , 198200 145145 9292 152152 196197 146148
599 , 194194 145150 92112 152155 196199 154168
600 , 194198 150185 100100 152154 195196 144144
601 , 198200 145150 110110 152154 197199 148154
602 , 198200 145179 92104 152152 196196 152154
603 , 192198 150179 92112 152152 196199 152152
604 , 194200 145192 102112 152152 196197 148152
605 , 192198 145150 9292 152153 195197 154168
606 , 194198 145150 9292 152154 197199 148152
607 , 194200 150150 92112 154154 195199 152154
608 , 194198 145179 92102 151152 195199 146154
609 , 198200 145192 92112 152152 197199 152154
610 , 192194 145179 92112 152153 196199 148154
611 , 192198 145150 112112 154154 199199 146148
612 , 194198 150150 92112 152154 196199 148154
613 , 194198 150179 102112 152154 196199 146148
614 , 194198 150179 112112 154154 197199 154168
615 , 194198 150179 112112 152154 197199 152154
616 , 194194 145179 112112 154155 00 154154
617 , 194198 145145 92100 152154 196197 148152
618 , 194194 00 112112 152154 196196 152154
619 , 192200 145150 92112 151152 195197 148152
620 , 194198 145150 00 00 197199 154154
621 , 194200 150179 92112 152154 195196 152152
622 , 198200 00 00 152152 196197 154154
623 , 00 179179 104104 152154 197199 146154
624 , 194198 179179 9292 00 196197 152168
625 , 192194 150179 92112 152154 196196 148168
626 , 194198 145179 100102 151153 195195 152154
627 , 194198 150192 92100 152154 196199 154168
628 , 192198 145179 100112 152152 197199 148168
629 , 194198 145179 112112 153153 196196 154154
630 , 192194 145150 112112 152153 197197 146168
631 , 192194 145150 9292 152154 195196 00
632 , 192198 145179 100112 152153 195196 146154
633 , 192200 192192 102112 152153 196199 154158
634 , 198200 179185 92112 152153 197199 146148
635 , 198200 145192 92112 152154 197199 146168
636 , 198198 145179 92112 154154 195196 152154
637 , 194200 150179 9292 152152 196199 154154
638 , 198200 145192 92112 155155 195197 152168
639 , 194198 145150 82112 152152 195196 146154
640 , 194194 150179 92102 153154 199199 152154
641 , 198198 145150 92102 152152 199199 152154
642 , 200200 145179 9292 00 197199 154154
643 , 194194 145150 92112 152153 197199 00
644 , 194194 00 112112 154155 196196 154154
645 , 194198 145145 112112 152154 195197 00
646 , 192194 150150 9292 152152 196199 00
647 , 194194 179179 92112 152152 196197 152154
648 , 194198 145179 92112 152153 196197 146154
649 , 200200 179179 9292 154154 195195 146146
650 , 198198 145192 92112 152153 197199 146154
651 , 194198 150179 112112 154154 196199 146152
652 , 194194 179185 102102 152154 195196 146152
653 , 194198 179179 92112 152153 196199 00
654 , 194198 145185 00 00 196197 00
655 , 194194 145185 102104 152152 197197 152154
656 , 00 145150 00 154154 197199 152154
657 , 194200 150179 00 152154 195199 158168
658 , 192198 145145 112112 152154 197199 152154
659 , 194198 145150 92112 152155 197199 154154
660 , 198198 145179 92112 154154 197199 148154
661 , 194198 145192 92112 154154 197199 148154
662 , 192194 145185 92112 153154 195197 144152
663 , 194200 145179 92100 152154 196197 148154
664 , 198198 150185 92112 154155 196197 146148
665 , 194198 145185 92112 153153 196197 154154
666 , 198198 150192 92112 152152 199199 148168
667 , 198200 179179 92112 152155 196199 154154
668 , 198200 150150 9292 152154 196197 152152
669 , 194198 150185 112112 152155 199199 154168
670 , 194198 145179 92112 00 197199 146154
671 , 192194 179179 00 152152 196196 144154
672 , 198200 145150 112112 155155 197199 148154
673 , 194198 145185 112112 152154 197197 152154
674 , 192198 150185 00 152153 196196 154154
POP
675 , 192200 145145 9292 152154 196199 154158
676 , 192192 145145 92112 152152 195197 154158
677 , 198198 145179 98112 152154 197197 154154
678 , 194198 179185 92112 152152 195199 146148
679 , 192194 179179 92104 152152 197197 148148
680 , 192198 179185 92112 152155 196196 148158
681 , 192200 150179 92112 152153 199199 154168
682 , 194194 179185 104112 152154 196197 146146
683 , 198198 145185 92112 152153 196199 154154
684 , 194198 145179 112112 152154 196197 146158
685 , 192198 150179 9292 152152 197199 146152
686 , 194200 145150 104112 152153 197199 148158
687 , 198200 150185 102102 153154 196199 144144
688 , 192192 145179 102112 151152 196196 144144
689 , 192192 150150 00 152154 197197 154154
690 , 194200 179185 00 152153 196197 144154
691 , 194198 150179 92108 153154 197197 144154
692 , 192198 145145 9292 152152 196196 154154
693 , 194194 145179 112112 152153 196196 154154
694 , 194200 150179 92112 152152 196197 144158
695 , 194198 145150 00 152153 199199 154154
696 , 194194 145145 00 154154 197197 144152
697 , 194194 145179 102108 152152 199199 154158
698 , 192192 185185 9292 153154 197197 158158 