Genepop file
B12
C07
D12
D10
A12
C03
POP
675 , 192200 145145 929002 152154 196199 154158
676 , 192192 145145 921012 152152 195197 154158
677 , 198198 145179 981012 152154 197197 154154
678 , 194198 179185 921012 152152 195199 146148
679 , 192194 179179 921004 152152 197197 148148
680 , 192198 179185 921012 152155 196196 148158
681 , 192200 150179 921012 152153 199199 154168
682 , 194194 179185 104112 152154 196197 146146
683 , 198198 145185 921012 152153 196199 154154
684 , 194198 145179 112112 152154 196197 146158
685 , 192198 150179 929002 152152 197199 146152
686 , 194200 145150 104112 152153 197199 148158
687 , 198200 150185 102102 153154 196199 144144
688 , 192192 145179 102112 151152 196196 144144
689 , 192192 150150 000000 152154 197197 154154
690 , 194200 179185 000000 152153 196197 144154
691 , 194198 150179 921008 153154 197197 144154
692 , 192198 145145 929002 152152 196196 154154
693 , 194194 145179 112112 152153 196196 154154
694 , 194200 150179 921012 152152 196197 144158
695 , 194198 145150 000000 152153 199199 154154
696 , 194194 145145 000000 154154 197197 144152
697 , 194194 145179 102108 152152 199199 154158
698 , 192192 185185 929002 153154 197197 158158 