Genepop file
B12
C07
D12
D10
A12
C03
POP
  1 , 192194 145192 921012 153153 195197 146152
  2 , 200200 179179 108112 151152 196196 152154
  3 , 192194 179192 921012 153153 197199 152154
  4 , 192198 145192 921012 152153 195196 146158
  5 , 192194 179179 000000 152152 195199 152154
  6 , 198200 145179 112118 152153 196197 146154
  7 , 194198 179179 108112 152153 196197 146154
  8 , 194198 145192 000000 153154 196197 146168
  9 , 194198 145145 921002 152153 197199 154154
 10 , 194198 179179 112112 152153 196197 154168
 11 , 194198 145179 108112 153153 196197 154154
 12 , 198200 145192 929002 153154 196197 154154
 13 , 194198 179192 921012 154155 197199 146154
 14 , 194198 145178 921012 153154 196197 168168
 15 , 192198 145192 000000 154154 197199 146154
 16 , 194198 179179 108112 153153 195196 152154
 17 , 198198 145145 921002 152153 197197 152158
 18 , 194198 150192 104112 152154 195197 146154
 19 , 194198 145150 112112 152152 196199 146154
 20 , 194194 145145 921012 152153 195197 154168
 21 , 194198 179192 929002 152154 197197 146168
 22 , 194194 145192 921012 152152 197199 154154
 23 , 194198 145192 921012 152154 196197 152154
 24 , 194198 000000 921012 152155 000000 154154
 25 , 194198 145179 921012 152154 197199 146146
 26 , 194198 150150 112112 152152 196199 146154
 27 , 194200 179179 102102 152153 197199 154158