Genepop file
B12
C07
D12
D10
A12
C03
POP
 28 , 198198 179179 112112 152153 195197 146168
 29 , 194198 179192 102102 153155 197199 146168
 30 , 194200 150179 921002 152152 197199 146154
 31 , 194194 145179 000000 152154 196199 154154
 32 , 192196 000000 000000 151154 196199 154154
 33 , 194198 145145 929002 151154 197199 152154
 34 , 194194 000000 929002 151154 197199 154158
 35 , 194198 150185 929002 153154 197197 154154
 36 , 198198 150179 929002 153154 195199 148154
 37 , 198198 179179 929002 151154 196197 146154
 38 , 194198 145145 100112 152154 199199 148154
 39 , 192194 145179 921002 151153 195196 152154
 40 , 198198 145192 929002 153153 199199 154154
 41 , 194198 145145 921012 152152 197199 154154
 42 , 192198 145179 102102 152152 197197 154168
 43 , 192194 145179 921012 152153 195199 146154
 44 , 198198 145150 000000 152152 196197 152154
 45 , 194198 145192 921010 152152 197199 154168
 46 , 198198 145150 929002 152154 196199 154168
 47 , 192192 145150 102116 153154 195199 152154
 48 , 192200 150179 110112 152153 196196 154168
 49 , 192198 145145 929002 155155 199199 148152
 50 , 194198 145192 000000 153155 197199 152154
 51 , 192198 179179 921002 152154 196196 146154
 52 , 194194 150179 921012 152154 199199 154154
 53 , 192192 145179 102116 152152 197197 154154
 54 , 194194 179192 102112 152152 197199 154154
 55 , 192198 145145 921002 153154 195197 154154
 56 , 194198 145179 112112 153154 196197 152168
 57 , 192192 145185 921002 152153 196199 154158
 58 , 194198 145179 921002 152155 196197 146154
 59 , 192192 145145 921012 153154 195197 146146
 60 , 194194 145179 921012 152153 197197 148154
 61 , 198200 150179 000000 152153 191197 146154
 62 , 194194 150150 102112 153153 195196 146152
 63 , 192198 150150 921012 152152 195199 146154
 64 , 194198 145179 102112 152154 197197 000000
 65 , 192198 145150 921002 152154 196197 000000
 66 , 192198 145179 921012 154154 195195 154168
 67 , 194198 145179 112112 152152 195196 152158
 68 , 194194 179179 921002 154155 199199 148152
 69 , 194194 150179 921002 152154 197199 152168
 70 , 198198 150179 921012 152153 197197 154154
 71 , 194194 145150 102112 152152 196196 152154
 72 , 198198 179192 929002 152153 199199 154154
 73 , 194198 179192 921008 152154 195199 146154
 74 , 194198 179179 102110 152152 195197 152158
 75 , 192198 145145 102112 154154 197197 146154
 76 , 192198 145145 929002 152154 199199 146146
 77 , 198198 000000 102112 000000 196197 000000
 78 , 192198 150179 921012 152153 196196 154154
 79 , 192198 000000 108112 153154 197197 000000
 80 , 000000 000000 929002 152154 197199 000000
 81 , 198200 145185 921004 151154 000000 154154
 82 , 194198 179179 102102 152153 197197 152152
 83 , 192192 000000 929002 152153 197199 152154
 84 , 192198 179179 921010 151152 196197 154154
 85 , 198198 179179 100112 153155 195199 152154
 86 , 198198 145179 112112 152153 196197 148154
 87 , 198198 145179 112112 152153 196197 154154
 88 , 192198 145145 102112 152155 196199 148168
 89 , 192198 145179 921012 152154 197199 148154
 90 , 198200 000000 112112 152153 197199 144154
 91 , 192194 150150 110112 153154 199199 148152
 92 , 192194 145179 929002 153154 196196 146154
 93 , 192198 150150 921004 153154 197197 148154
 94 , 194194 145179 929002 152153 197197 154154
 95 , 198200 000000 929002 152153 199199 146154
 96 , 192198 145179 000000 151154 197197 146154
 97 , 194198 179192 102112 152152 000000 146152
 98 , 194198 145150 100102 152152 197199 154158
 99 , 192192 000000 921002 152152 197199 154154
100 , 192192 145179 104104 151153 195196 146152
101 , 192194 145185 929002 152152 196199 154154
102 , 194200 145145 102112 151154 195197 152154
103 , 194200 000000 921012 151154 195196 146154
104 , 198200 145192 102102 152154 197197 148154
105 , 192198 179192 921002 152152 195197 146154
106 , 194194 179179 921002 152154 197199 146154
107 , 198198 145145 102110 154154 197197 146154
108 , 192198 145179 929002 152152 197197 154158
109 , 198198 145192 102112 152152 195196 158168
110 , 194198 150179 921012 152154 196199 152154
111 , 194194 150179 102112 154155 196197 000000
112 , 192194 145150 921002 152154 199199 154154
113 , 198200 179179 929002 152155 195197 146146
114 , 194198 145150 921012 154154 196197 000000
115 , 194200 145179 921002 151153 196197 152154
116 , 198198 145192 921012 152152 197199 152154
117 , 198198 145192 921012 154154 195199 146146
118 , 192200 145179 100102 152152 197199 154154
119 , 192194 145145 921012 151155 196197 154168
120 , 192198 145179 921012 152155 195196 154154
121 , 200200 150150 921002 152154 196197 154154
122 , 192192 000000 929002 152153 197199 000000
123 , 194194 179192 921012 151154 197199 146152
124 , 194194 145145 102112 151151 197197 144154
125 , 000000 000000 929002 152153 196196 000000
126 , 192198 145145 112112 153153 197197 152154
127 , 000000 000000 929002 152152 197197 000000
128 , 192194 145145 921012 000000 199199 146148
129 , 194198 145179 000000 152153 195197 154154
130 , 192194 145179 921012 154154 196199 154154
131 , 192198 179185 921012 154155 196197 154168
132 , 198198 150179 102112 152154 196197 154158
133 , 194200 179192 100112 153153 196196 146154
134 , 198198 179179 112112 152152 197199 154154
135 , 194198 145150 921002 152152 195196 146148
136 , 198200 145150 921010 152152 195196 146158
137 , 192194 145145 921012 154154 196199 146152
138 , 194198 145150 921002 153153 199199 154154
139 , 192192 145179 102112 151151 197199 168168
140 , 192194 145192 921002 152155 196199 146152
141 , 192200 145192 102112 152154 197197 154168
142 , 198198 179185 921002 152154 195197 154154
143 , 192194 179192 929002 152152 195195 146154
144 , 192194 145145 929002 152154 197199 154154