Genepop file
B12
C07
D12
D10
A12
C03
POP
322 , 194194 145145 112112 153153 197199 154154
323 , 194198 185192 921004 152154 196199 146154
324 , 194198 145145 929002 154155 196199 154168
325 , 194198 179179 100108 151153 195196 146150
326 , 194194 179185 921018 151153 197199 148158
327 , 192192 145150 102112 152153 196197 154158
328 , 194198 179185 104104 153153 197199 154154
329 , 194200 179192 929002 152153 196197 154158
330 , 194198 145145 929002 152153 196199 146154
331 , 194194 145145 102112 152152 196199 000000
332 , 194198 145145 108108 151152 196197 000000
333 , 198198 145150 112112 153155 197197 154168
334 , 192194 145145 929002 152152 196199 154168
335 , 194198 145179 104102 152152 195199 146158
336 , 192198 145192 921012 152152 196196 154154
337 , 192194 150185 104112 152152 196199 146152
338 , 198198 145145 921002 152152 197199 000000
339 , 198200 000000 929002 152152 196197 000000
340 , 194198 179185 102118 152153 196199 146152
341 , 198198 145145 112112 152152 197197 000000
342 , 194198 150185 921002 152152 196199 152154
343 , 194198 145145 981012 152154 196197 146154
344 , 194198 179179 921002 152154 196196 146154
345 , 194198 179185 104112 152152 196199 152154
346 , 194198 145179 929002 153153 196199 146152
347 , 194198 145145 929002 153153 197197 000000
348 , 194200 145185 112112 152153 196197 146154
349 , 198198 150150 921012 152154 197199 000000
350 , 194200 150150 921012 152153 196199 154158
351 , 198198 145179 102112 152153 197197 154154
352 , 194198 145145 102102 151153 196197 152158
353 , 198198 179179 102112 152153 196199 146146
354 , 198198 179185 108112 151153 196199 144152
355 , 194198 145150 921012 154155 196197 144152
356 , 194194 145145 921012 152153 196196 152154
357 , 198198 150179 929002 152153 197199 148154
358 , 198198 145179 929002 151153 195195 154154
359 , 194198 145179 112118 152152 196197 146168
360 , 194198 145145 112112 152154 196199 154158
361 , 194198 145185 929002 000000 196196 152154
362 , 192198 145185 929002 152154 196199 144152
363 , 198198 145150 921012 151152 196197 146152
364 , 198198 145185 921012 152152 197199 154154
365 , 194198 179185 102102 153153 196196 152158
366 , 194198 145150 102102 154154 196199 000000
367 , 194198 145150 112112 152152 196199 000000
368 , 192200 145145 921012 153153 197199 154154
369 , 194194 145145 921002 152152 195196 154168
370 , 198198 000000 929002 152154 196197 146146
371 , 194200 150150 921002 152153 197199 000000
372 , 198198 145192 921002 153154 196196 152154
373 , 194200 145150 112112 152152 197199 152154
374 , 198200 150185 921004 152152 196196 146154
375 , 192198 150192 921004 152153 196199 152154
376 , 194198 179192 000000 151154 196196 154168
377 , 194194 145145 921002 152152 196197 000000
378 , 194200 145145 921012 152154 196196 000000
379 , 198198 145150 000000 152153 197199 000000
380 , 194198 179185 100112 152154 196197 154158
381 , 198198 000000 000000 152152 196196 000000
382 , 194200 150150 108110 152153 196199 000000
383 , 194194 179179 921004 152152 197199 154168
384 , 194194 179179 000000 153155 197199 154154
385 , 194194 145179 921012 152152 196197 154154
386 , 194198 150185 000000 152152 199199 152154
387 , 194200 000000 929002 152152 199199 000000
388 , 194194 145179 102112 153153 196196 154154
389 , 194194 000000 929002 152152 196197 000000
390 , 192198 150192 100112 152152 196197 146154
391 , 198198 185192 921012 153153 196199 146146
392 , 194198 150185 921018 151152 197199 000000
393 , 194198 179179 929002 154154 197199 000000
394 , 192198 145145 929002 153153 196199 000000
395 , 194198 000000 929002 152152 196196 000000
396 , 198200 145179 921012 153153 196199 152158
397 , 192198 145185 929002 152152 196199 158168
398 , 194198 145179 921018 152154 196196 146152
399 , 194194 179192 112112 152154 196197 146152
400 , 194194 145150 921012 152152 196199 152154
401 , 194198 179179 000000 154154 196197 148154 