Genepop file
B12
C07
D12
D10
A12
C03
POP
509 , 198198 179185 921012 152154 197199 152154
510 , 000000 145150 921004 152152 196199 000000
511 , 194198 150192 921002 150152 195199 148154
512 , 194198 145150 921004 152152 195197 154154
513 , 194198 145150 000000 152155 199199 148154
514 , 192194 000000 921012 152154 195199 146168
515 , 192192 150150 929002 152155 195199 148168
516 , 194194 000000 921012 152154 197197 146168
517 , 000000 150150 921012 000000 196196 000000
518 , 194200 145185 921012 152155 196196 154154
519 , 194200 000000 000000 000000 196199 000000
520 , 194198 000000 929002 152155 197197 154154
521 , 000000 150179 000000 152154 196199 152168
522 , 198198 145179 000000 152154 196199 146152
523 , 194194 145150 104104 151155 199199 146154
524 , 000000 145150 000000 152152 197199 154168
525 , 000000 179192 000000 152154 196197 148152
526 , 194200 145145 000000 152155 196199 154168
527 , 194200 145179 921004 153154 197199 146152
528 , 194200 150192 929002 152154 197197 154154
529 , 198198 145150 921012 154154 197199 146154
530 , 192194 179192 112112 151151 197199 146154
531 , 198200 150185 921004 152154 197199 148154
532 , 194194 145185 112112 154155 199199 152154
533 , 192200 150179 112112 154155 197197 152154
534 , 194198 145179 921012 151151 195199 148154
535 , 194194 150179 921012 151152 195199 154154
536 , 198200 150150 112112 152154 197199 158168
537 , 194200 150150 929002 152154 197199 146152
538 , 198198 150179 000000 152152 197199 154168
539 , 192200 145145 000000 000000 197197 154168
540 , 194194 000000 112112 153153 000000 154154
541 , 194198 145150 000000 152152 196197 146154
542 , 192194 150150 000000 154154 197199 146148
543 , 194194 145150 929002 152152 196196 000000
544 , 194194 000000 921004 152152 000000 152152
545 , 194194 150179 929002 000000 199199 148154
546 , 198200 145150 921012 154154 197197 146158
547 , 192194 179192 921002 152152 197199 154168
548 , 192194 150179 921012 152154 196196 146146
549 , 192194 145179 929002 152154 196199 154154
550 , 198200 145150 100112 152154 197197 154168
551 , 198198 145192 921002 154154 196196 146148
552 , 198198 150192 112118 152154 199199 152154
553 , 194198 179179 921012 152152 196196 152154
554 , 192194 145150 921012 152152 196196 152168
555 , 194198 150179 112112 152152 196197 148154
556 , 192198 150179 112112 152152 197199 154168
557 , 194194 185185 102112 153154 197197 146152
558 , 194198 145192 000000 000000 000000 148152
559 , 194194 150150 921010 152155 197197 146154
560 , 192198 150179 929002 152152 197199 148154
561 , 194198 145150 921012 153154 197199 148154
562 , 198198 179179 921012 152154 199199 148154
563 , 198200 145145 112112 152153 196196 148148
564 , 194200 179179 929002 152152 199199 148148
565 , 194198 179192 929002 152152 197199 154154
566 , 192198 179185 921012 152153 197199 146154
567 , 194198 145150 104112 152153 197199 152154
568 , 194194 145150 921012 151151 195197 154154
569 , 192198 145145 929002 151152 196196 146168
570 , 194198 150192 921004 000000 196199 148154
571 , 194198 145185 000000 152152 195196 152154
572 , 198198 145145 112112 152152 196197 148154
573 , 192198 150179 929002 152154 196196 152154
574 , 198198 150179 112112 153154 196197 154168
575 , 192194 145185 112112 153154 000000 000000
576 , 194194 145150 000000 152155 195199 000000
577 , 194194 145179 921012 152152 199199 154154
578 , 198200 150192 921010 152152 196196 146154
579 , 194200 150192 921002 152152 196196 146152
580 , 194198 145179 112112 152152 195196 152154
581 , 194198 145150 102112 154154 197199 148152
582 , 192194 150179 929002 152153 197197 152154
583 , 192198 145150 921004 152154 195199 158158
584 , 192194 145179 104104 151152 197197 152154
585 , 198200 145150 921010 152155 197199 154154
586 , 194198 145192 112112 153155 195199 154168
587 , 192198 150179 929002 152152 197197 148154
588 , 000000 145192 929002 000000 196199 154154
589 , 198198 150179 921012 152154 197199 154168
590 , 194200 145150 929002 154154 196196 144154
591 , 194194 150192 112112 154154 197199 148154
592 , 198200 145150 000000 152153 197199 154168
593 , 192192 145145 921010 151151 197199 154154
594 , 194198 145150 921012 152153 197197 152154
595 , 192198 145145 921004 152152 197197 168168
596 , 194198 179179 112112 152154 196196 152154
597 , 198198 150179 102112 151155 197199 148168
598 , 198200 145145 929002 152152 196197 146148
599 , 194194 145150 921012 152155 196199 154168
600 , 194198 150185 100100 152154 195196 144144
601 , 198200 145150 110110 152154 197199 148154
602 , 198200 145179 921004 152152 196196 152154
603 , 192198 150179 921012 152152 196199 152152
604 , 194200 145192 102112 152152 196197 148152
605 , 192198 145150 929002 152153 195197 154168
606 , 194198 145150 929002 152154 197199 148152
607 , 194200 150150 921012 154154 195199 152154
608 , 194198 145179 921002 151152 195199 146154
609 , 198200 145192 921012 152152 197199 152154
610 , 192194 145179 921012 152153 196199 148154
611 , 192198 145150 112112 154154 199199 146148
612 , 194198 150150 921012 152154 196199 148154
613 , 194198 150179 102112 152154 196199 146148
614 , 194198 150179 112112 154154 197199 154168
615 , 194198 150179 112112 152154 197199 152154
616 , 194194 145179 112112 154155 000000 154154
617 , 194198 145145 000000 152154 196197 148152
618 , 194194 000000 112112 152154 196196 152154
619 , 192200 145150 921012 151152 195197 148152
620 , 194198 145150 000000 000000 197199 154154
621 , 194200 150179 921012 152154 195196 152152
622 , 198200 000000 000000 152152 196197 154154
623 , 000000 179179 104104 152154 197199 146154
624 , 194198 179179 929002 000000 196197 152168
625 , 192194 150179 921012 152154 196196 148168
626 , 194198 145179 100102 151153 195195 152154
627 , 194198 150192 000000 152154 196199 154168
628 , 192198 145179 100112 152152 197199 148168
629 , 194198 145179 112112 153153 196196 154154
630 , 192194 145150 112112 152153 197197 146168
631 , 192194 145150 929002 152154 195196 000000
632 , 192198 145179 100112 152153 195196 146154
633 , 192200 192192 102112 152153 196199 154158
634 , 198200 179185 921012 152153 197199 146148
635 , 198200 145192 921012 152154 197199 146168
636 , 198198 145179 921012 154154 195196 152154
637 , 194200 150179 929002 152152 196199 154154
638 , 198200 145192 921012 155155 195197 152168
639 , 194198 145150 821012 152152 195196 146154
640 , 194194 150179 921002 153154 199199 152154
641 , 198198 145150 921002 152152 199199 152154
642 , 200200 145179 929002 000000 197199 154154
643 , 194194 145150 921012 152153 197199 000000
644 , 194194 000000 112112 154155 196196 154154
645 , 194198 145145 112112 152154 195197 000000
646 , 192194 150150 929002 152152 196199 000000
647 , 194194 179179 921012 152152 196197 152154
648 , 194198 145179 921012 152153 196197 146154
649 , 200200 179179 929002 154154 195195 146146
650 , 198198 145192 921012 152153 197199 146154
651 , 194198 150179 112112 154154 196199 146152
652 , 194194 179185 102102 152154 195196 146152
653 , 194198 179179 921012 152153 196199 000000
654 , 194198 145185 000000 000000 196197 000000
655 , 194194 145185 102104 152152 197197 152154
656 , 000000 145150 000000 154154 197199 152154
657 , 194200 150179 000000 152154 195199 158168
658 , 192198 145145 112112 152154 197199 152154
659 , 194198 145150 921012 152155 197199 154154
660 , 198198 145179 921012 154154 197199 148154
661 , 194198 145192 921012 154154 197199 148154
662 , 192194 145185 921012 153154 195197 144152
663 , 194200 145179 000000 152154 196197 148154
664 , 198198 150185 921012 154155 196197 146148
665 , 194198 145185 921012 153153 196197 154154
666 , 198198 150192 921012 152152 199199 148168
667 , 198200 179179 921012 152155 196199 154154
668 , 198200 150150 929002 152154 196197 152152
669 , 194198 150185 112112 152155 199199 154168
670 , 194198 145179 921012 000000 197199 146154
671 , 192194 179179 000000 152152 196196 144154
672 , 198200 145150 112112 155155 197199 148154
673 , 194198 145185 112112 152154 197197 152154
674 , 192198 150185 000000 152153 196196 154154 