radiator genepop 20231016@2211
A12, B12, C03, C07, D10, D12
pop
Bou.1, 195197 192194 146152 145192 153153 092112
Bou.10, 197196 194198 154168 179179 153152 112112
Bou.11, 197196 194198 154154 145179 153153 112108
Bou.12, 197196 200198 154154 145192 153154 092092
Bou.13, 197199 194198 146154 192179 154155 092112
Bou.14, 197196 194198 168168 145178 153154 092112
Bou.15, 197199 192198 146154 145192 154154 092100
Bou.16, 195196 194198 152154 179179 153153 112108
Bou.17, 197197 198198 152158 145145 153152 092102
Bou.18, 195197 194198 146154 192150 152154 112104
Bou.19, 196199 194198 146154 145150 152152 112112
Bou.2, 196196 200200 152154 179179 151152 112108
Bou.20, 195197 194194 154168 145145 153152 092112
Bou.21, 197197 194198 146168 192179 152154 092092
Bou.22, 197199 194194 154154 145192 152152 092112
Bou.23, 197196 194198 152154 145192 152154 092112
Bou.24, 000000 194198 154154 000000 152155 092112
Bou.25, 197199 194198 146146 145179 152154 092112
Bou.26, 196199 194198 146154 150150 152152 112112
Bou.27, 197199 194200 154158 179179 153152 102102
Bou.3, 197199 192194 152154 192179 153153 092112
Bou.4, 195196 192198 146158 145192 153152 092112
Bou.5, 195199 192194 152154 179179 152152 092100
Bou.6, 197196 200198 146154 145179 153152 112118
Bou.7, 197196 194198 146154 179179 153152 112108
Bou.8, 197196 194198 146168 145192 153154 092100
Bou.9, 197199 194198 154154 145145 153152 092102
pop
Bou.100, 195196 192192 146152 145179 153151 104104
Bou.101, 196199 192194 154154 145185 152152 092092
Bou.102, 195197 194200 152154 145145 151154 112102
Bou.103, 195196 194200 146154 000000 151154 092112
Bou.104, 197197 200198 154148 145192 152154 102102
Bou.105, 195197 192198 146154 192179 152152 092102
Bou.106, 197199 194194 146154 179179 152154 092102
Bou.107, 197197 198198 146154 145145 154154 102110
Bou.108, 197197 192198 154158 145179 152152 092092
Bou.109, 195196 198198 158168 145192 152152 112102
Bou.110, 196199 194198 152154 179150 152154 092112
Bou.111, 197196 194194 000000 179150 154155 112102
Bou.112, 199199 192194 154154 145150 152154 092102
Bou.113, 195197 200198 146146 179179 152155 092092
Bou.114, 197196 194198 000000 145150 154154 092112
Bou.115, 197196 194200 152154 145179 153151 092102
Bou.116, 197199 198198 152154 145192 152152 092112
Bou.117, 195199 198198 146146 145192 154154 092112
Bou.118, 197199 192200 154154 145179 152152 100102
Bou.119, 197196 192194 154168 145145 151155 092112
Bou.120, 195196 192198 154154 145179 152155 092112
Bou.121, 197196 200200 154154 150150 152154 092102
Bou.122, 197199 192192 000000 000000 153152 092092
Bou.123, 197199 194194 146152 192179 151154 092112
Bou.124, 197197 194194 154144 145145 151151 112102
Bou.125, 196196 000000 000000 000000 153152 092092
Bou.126, 197197 192198 152154 145145 153153 112112
Bou.127, 197197 000000 000000 000000 152152 092092
Bou.128, 199199 192194 146148 145145 000000 092112
Bou.129, 195197 194198 154154 145179 153152 092100
Bou.130, 196199 192194 154154 145179 154154 092112
Bou.131, 197196 192198 154168 179185 154155 092112
Bou.132, 197196 198198 154158 179150 152154 112102
Bou.133, 196196 194200 146154 192179 153153 112100
Bou.134, 197199 198198 154154 179179 152152 112112
Bou.135, 195196 194198 146148 145150 152152 092102
Bou.136, 195196 200198 146158 145150 152152 092110
Bou.137, 196199 192194 146152 145145 154154 092112
Bou.138, 199199 194198 154154 145150 153153 092102
Bou.139, 197199 192192 168168 145179 151151 112102
Bou.140, 196199 192194 146152 145192 152155 092102
Bou.141, 197197 192200 154168 145192 152154 112102
Bou.142, 195197 198198 154154 179185 152154 092102
Bou.143, 195195 192194 146154 192179 152152 092092
Bou.144, 197199 192194 154154 145145 152154 092092
Bou.28, 195197 198198 146168 179179 153152 112112
Bou.29, 197199 194198 146168 192179 153155 102102
Bou.30, 197199 194200 146154 179150 152152 092102
Bou.31, 196199 194194 154154 145179 152154 092100
Bou.32, 196199 192196 154154 000000 151154 092100
Bou.33, 197199 194198 152154 145145 151154 092092
Bou.34, 197199 194194 154158 000000 151154 092092
Bou.35, 197197 194198 154154 150185 153154 092092
Bou.36, 195199 198198 154148 179150 153154 092092
Bou.37, 197196 198198 146154 179179 151154 092092
Bou.38, 199199 194198 154148 145145 152154 112100
Bou.39, 195196 192194 152154 145179 153151 092102
Bou.40, 199199 198198 154154 145192 153153 092092
Bou.41, 197199 194198 154154 145145 152152 092112
Bou.42, 197197 192198 154168 145179 152152 102102
Bou.43, 195199 192194 146154 145179 153152 092112
Bou.44, 197196 198198 152154 145150 152152 092100
Bou.45, 197199 194198 154168 145192 152152 092110
Bou.46, 196199 198198 154168 145150 152154 092092
Bou.47, 195199 192192 152154 145150 153154 102116
Bou.48, 196196 192200 154168 179150 153152 112110
Bou.49, 199199 192198 152148 145145 155155 092092
Bou.50, 197199 194198 152154 145192 153155 092100
Bou.51, 196196 192198 146154 179179 152154 092102
Bou.52, 199199 194194 154154 179150 152154 092112
Bou.53, 197197 192192 154154 145179 152152 102116
Bou.54, 197199 194194 154154 192179 152152 112102
Bou.55, 195197 192198 154154 145145 153154 092102
Bou.56, 197196 194198 152168 145179 153154 112112
Bou.57, 196199 192192 154158 145185 153152 092102
Bou.58, 197196 194198 146154 145179 152155 092102
Bou.59, 195197 192192 146146 145145 153154 092112
Bou.60, 197197 194194 154148 145179 153152 092112
Bou.61, 197191 200198 146154 179150 153152 092100
Bou.62, 195196 194194 146152 150150 153153 112102
Bou.63, 195199 192198 146154 150150 152152 092112
Bou.64, 197197 194198 000000 145179 152154 112102
Bou.65, 197196 192198 000000 145150 152154 092102
Bou.66, 195195 192198 154168 145179 154154 092112
Bou.67, 195196 194198 152158 145179 152152 112112
Bou.68, 199199 194194 152148 179179 154155 092102
Bou.69, 197199 194194 152168 179150 152154 092102
Bou.70, 197197 198198 154154 179150 153152 092112
Bou.71, 196196 194194 152154 145150 152152 112102
Bou.72, 199199 198198 154154 192179 153152 092092
Bou.73, 195199 194198 146154 192179 152154 092108
Bou.74, 195197 194198 152158 179179 152152 102110
Bou.75, 197197 192198 146154 145145 154154 112102
Bou.76, 199199 192198 146146 145145 152154 092092
Bou.77, 197196 198198 000000 000000 000000 112102
Bou.78, 196196 192198 154154 179150 153152 092112
Bou.79, 197197 192198 000000 000000 153154 112108
Bou.80, 197199 000000 000000 000000 152154 092092
Bou.81, 000000 200198 154154 145185 151154 092104
Bou.82, 197197 194198 152152 179179 153152 102102
Bou.83, 197199 192192 152154 000000 153152 092092
Bou.84, 197196 192198 154154 179179 151152 092110
Bou.85, 195199 198198 152154 179179 153155 112100
Bou.86, 197196 198198 154148 145179 153152 112112
Bou.87, 197196 198198 154154 145179 153152 112112
Bou.88, 196199 192198 168148 145145 152155 112102
Bou.89, 197199 192198 154148 145179 152154 092112
Bou.90, 197199 200198 154144 000000 153152 112112
Bou.91, 199199 192194 152148 150150 153154 112110
Bou.92, 196196 192194 146154 145179 153154 092092
Bou.93, 197197 192198 154148 150150 153154 092104
Bou.94, 197197 194194 154154 145179 153152 092092
Bou.95, 199199 200198 146154 000000 153152 092092
Bou.96, 197197 192198 146154 145179 151154 092100
Bou.97, 000000 194198 146152 192179 152152 112102
Bou.98, 197199 194198 154158 145150 152152 100102
Bou.99, 197199 192192 154154 000000 152152 092102
pop
Can.145, 197196 192194 146152 145150 152152 092100
Can.146, 196196 198198 146146 179179 152154 112102
Can.147, 197196 194200 152154 145179 152154 092092
Can.148, 199199 192198 168148 145150 152152 092092
Can.149, 197196 194198 154154 179185 152152 102102
Can.150, 196199 194198 152154 145185 152152 092092
Can.151, 197197 192198 146158 179185 153152 102110
Can.152, 197199 198198 152154 145185 152154 092112
Can.153, 197197 198198 146158 179168 152155 112110
Can.154, 199199 198198 154148 145150 152152 104104
Can.155, 195195 194194 146152 145179 152150 092092
Can.156, 197199 192198 152158 145179 152150 092112
Can.157, 195199 194194 152152 145179 153152 092116
Can.158, 195199 200198 146154 145145 153153 092100
Can.159, 197196 198198 154154 179150 154154 092112
Can.160, 199199 194198 152158 145179 153152 092112
Can.161, 197199 192198 146154 145185 153152 092092
Can.162, 197196 192192 154158 145185 152152 092112
Can.163, 197197 194194 152168 145179 153154 112116
Can.164, 196196 198198 154154 145145 154154 102102
Can.165, 199199 194198 152154 179185 153154 092112
Can.166, 195196 194194 152148 179179 152152 092092
Can.167, 197199 194194 152168 145150 152154 112116
Can.168, 197196 194194 146158 179185 152152 092102
Can.169, 197197 192198 152154 145185 152154 092092
Can.170, 197196 194198 152152 145179 152152 112116
Can.171, 197196 194198 154154 150176 154155 092100
Can.172, 197196 194194 152168 150185 152152 092092
Can.173, 197197 198198 154148 145179 152155 112098
Can.174, 196199 192194 000000 145150 152152 092092
Can.175, 197196 194194 152154 192179 152152 112100
Can.176, 195197 194194 154168 179179 151152 092100
Can.177, 199199 194198 152158 145179 152152 092092
Can.178, 195196 192192 154158 145150 153152 092092
Can.179, 197199 194194 146144 000000 152152 092102
Can.180, 197196 194198 146154 145150 153151 092102
Can.181, 197196 194198 152152 145185 153152 112100
Can.182, 195199 194198 154154 145145 152154 092102
Can.183, 197197 200198 146152 000000 152154 092102
Can.184, 195196 200198 000000 179179 153151 092092
Can.185, 196199 192194 146152 145145 152154 092112
Can.186, 199199 194194 146152 185185 154154 092112
Can.187, 197197 192194 152148 185185 151154 112112
Can.188, 197199 194198 152152 145179 154155 092100
Can.189, 197199 194194 146154 192168 152154 100100
Can.190, 197196 192198 152168 145150 153153 092112
Can.191, 199199 192198 152168 145179 152152 112102
Can.192, 197196 194198 146152 145150 153154 112102
Can.193, 195197 198198 146152 145185 153155 092112
Can.194, 199199 198198 000000 179185 152154 092112
Can.195, 195196 194194 146146 145150 152154 092112
Can.196, 197196 194194 146148 179179 152152 092092
Can.197, 196196 192192 146154 179185 000000 092102
Can.198, 197199 194198 146154 179179 152154 092112
Can.199, 199199 192198 152154 145179 151154 092092
Can.200, 197199 194198 152158 145179 154154 092100
Can.201, 197199 194194 154158 179168 151152 092112
Can.202, 197196 192194 154154 179179 151154 092092
Can.203, 197197 194198 000000 145150 152152 092102
Can.204, 199199 203203 000000 000000 000000 092092
Can.205, 199199 000000 000000 145145 151152 092092
Can.206, 197199 192198 146154 000000 153151 092092
Can.207, 197197 194198 152154 145145 153152 092102
Can.208, 196196 194194 146152 145179 152152 112100
Can.209, 195199 194198 152154 179185 151154 092102
Can.210, 196199 192194 000000 000000 000000 092112
Can.211, 195199 194198 154154 145179 154154 092112
Can.212, 196199 194198 152168 179179 151154 092112
Can.213, 197197 192200 146168 145150 152152 092112
Can.214, 196199 192198 146152 145185 152152 092112
Can.215, 196199 194198 146152 145179 152154 092092
Can.216, 196199 194198 146148 145145 153152 092112
Can.217, 199199 194194 152154 145145 000000 112100
Can.218, 197196 198198 146154 145145 152152 112100
Can.219, 199199 192200 152154 145179 151152 092112
Can.220, 197196 192198 154158 145150 152154 112102
Can.221, 197199 194198 146148 145179 152152 092112
Can.222, 196199 192192 146154 145145 152154 112100
Can.223, 195199 192198 154154 145150 152152 092092
Can.224, 197196 192198 146146 185185 152152 092092
Can.225, 195199 198198 148148 179185 152154 092104
Can.226, 195199 192198 152154 145185 154154 092104
Can.227, 197196 192192 154154 145145 153154 092092
Can.228, 196196 194198 146146 145150 152155 092104
Can.229, 196199 192200 154168 145179 152152 092112
Can.230, 195199 194198 000000 000000 152154 092092
Can.231, 197199 192198 146152 145150 153152 102102
Can.232, 197199 192194 146154 145150 153152 112112
Can.233, 196199 194198 154168 145179 153152 092112
Can.234, 197196 194198 000000 000000 152154 102102
Can.235, 199199 192198 152154 145179 153152 092092
Can.236, 195197 194194 168148 179185 151152 092112
Can.237, 195197 194200 148148 179179 152154 092112
Can.238, 199199 194194 000000 145185 152152 092112
Can.239, 197196 194198 146154 179150 153152 112102
Can.240, 196199 194194 154154 145150 153151 112112
Can.241, 197196 192198 152154 179150 154154 092112
Can.242, 199199 192194 000000 000000 154154 092092
Can.243, 197199 194200 000000 179150 152152 092112
Can.244, 199199 192194 146146 000000 153153 102102
Can.245, 196199 194198 154148 145145 152152 092092
Can.246, 000000 192192 000000 145185 152154 092112
Can.247, 196196 194198 152168 179179 153152 092100
Can.248, 197196 192198 168168 145179 152152 100104
Can.249, 197197 194194 154154 145179 152154 092112
Can.250, 197196 192198 152152 145185 151154 092112
pop
Gad.251, 197199 200198 146152 192150 153152 112102
Gad.252, 196199 194198 152154 000000 152154 092100
Gad.253, 196199 194194 146152 192192 151151 092092
Gad.254, 196199 194194 154168 150185 153152 092112
Gad.255, 199199 192198 152148 150185 153152 112102
Gad.256, 196199 194200 154148 145150 153152 092108
Gad.257, 197196 194194 152148 145145 153154 092112
Gad.258, 197191 194194 154154 145192 152152 092102
Gad.259, 199199 192194 146150 145145 153152 118110
Gad.260, 196199 192194 154148 145185 153154 102102
Gad.261, 195197 192194 152154 192185 152154 092112
Gad.262, 196199 194198 154168 150150 153152 092092
Gad.263, 197199 194198 154148 192179 153153 092104
Gad.264, 197199 200198 152154 145185 152152 092112
Gad.265, 199199 192198 154154 179150 153152 092112
Gad.266, 199199 192200 154158 150150 151152 112102
Gad.267, 197197 192194 154168 145185 154154 102102
Gad.268, 197199 194194 152148 145145 153152 118102
Gad.269, 199199 194198 146154 185185 152152 000000
Gad.270, 196199 194198 154158 179185 154154 092112
Gad.271, 195196 194194 154168 145150 152154 092118
Gad.272, 197199 000000 152168 150185 152154 000000
Gad.273, 199199 194198 146154 185185 152152 112118
Gad.274, 199199 198198 152154 145185 152152 092092
Gad.275, 197199 000000 152168 192150 152152 000000
Gad.276, 196199 000000 168148 145185 152154 000000
Gad.277, 197199 192194 154168 179150 153152 092092
Gad.278, 197199 194194 154154 192185 153153 112102
Gad.279, 195199 000000 000000 192150 153152 000000
Gad.280, 197197 198198 154158 145145 152152 092102
Gad.281, 197199 194200 146168 145192 153152 092092
Gad.282, 197199 192194 152154 145150 153154 000000
Gad.283, 197197 194200 146152 145145 153152 000000
Gad.284, 196196 198198 154154 145150 154155 000000
Gad.285, 197199 192198 146168 145192 152152 000000
Gad.286, 000000 194198 152154 000000 153152 000000
Gad.287, 199199 194194 152154 145150 153152 000000
Gad.288, 195197 194194 154168 145150 000000 092112
Gad.289, 199199 192192 154158 145179 154155 102102
Gad.290, 197199 192198 154154 179179 153154 092092
Gad.291, 197199 000000 146148 185185 152152 092112
Gad.292, 196199 192198 168148 145145 152152 092112
Gad.293, 197199 194198 152154 192179 153154 000000
Gad.294, 196199 000000 154154 145185 153152 000000
Gad.295, 199199 194194 152154 192185 152152 092112
Gad.296, 199199 194194 152158 145150 151154 000000
Gad.297, 197199 194194 146154 179150 152154 000000
Gad.298, 197199 192198 154148 185185 152152 000000
Gad.299, 195197 194198 154148 145150 000000 000000
Gad.300, 197196 000000 152154 150150 152152 000000
Gad.301, 197199 198198 154154 179179 152154 092112
Gad.302, 197199 194200 154168 145192 152154 092102
Gad.303, 199199 198198 154154 145150 152152 112112
Gad.304, 196199 194194 154154 145185 152152 092100
Gad.305, 197196 194198 154154 145185 152152 112112
Gad.306, 199199 194194 154154 192185 152154 092112
Gad.307, 000000 194198 154154 000000 153152 102102
Gad.308, 199199 194198 154168 185185 152152 092092
Gad.309, 197199 192194 154168 150185 152154 112112
Gad.310, 199199 194198 154154 192185 000000 000000
Gad.311, 000000 194198 154148 145150 000000 092102
Gad.312, 197199 000000 154158 145192 152152 000000
Gad.313, 000000 000000 000000 000000 152154 092092
Gad.314, 195197 200198 152154 145185 152152 112102
Gad.315, 197199 194194 146154 150185 153152 092102
Gad.316, 197199 194194 146154 145192 152154 000000
Gad.317, 197197 194194 154154 145192 153152 108108
Gad.318, 197199 198198 154154 145150 000000 112118
Gad.319, 199199 194194 154154 145192 153154 102102
Gad.320, 195196 200200 152152 179185 152152 000000
Gad.321, 197199 194194 152154 145185 152154 000000
pop
LaF.322, 197199 194194 154154 145145 153153 112112
LaF.323, 196199 194198 146154 192185 152154 092104
LaF.324, 196199 194198 154168 145145 154155 092092
LaF.325, 195196 194198 146150 179179 153151 108100
LaF.326, 197199 194194 158148 179185 153151 092118
LaF.327, 197196 192192 154158 145150 153152 112102
LaF.328, 197199 194198 154154 179185 153153 104104
LaF.329, 197196 194200 154158 192179 153152 092092
LaF.330, 196199 194198 146154 145145 153152 092092
LaF.331, 196199 194194 000000 145145 152152 112102
LaF.332, 197196 194198 000000 145145 151152 108108
LaF.333, 197197 198198 154168 145150 153155 112112
LaF.334, 196199 192194 154168 145145 152152 092092
LaF.335, 195199 194198 146158 145179 152152 102104
LaF.336, 196196 192198 154154 145192 152152 092112
LaF.337, 196199 192194 146152 150185 152152 112104
LaF.338, 197199 198198 000000 145145 152152 092102
LaF.339, 197196 200198 000000 000000 152152 092092
LaF.340, 196199 194198 146152 179185 153152 118102
LaF.341, 197197 198198 000000 145145 152152 112112
LaF.342, 196199 194198 152154 150185 152152 092102
LaF.343, 197196 194198 146154 145145 152154 112098
LaF.344, 196196 194198 146154 179179 152154 092102
LaF.345, 196199 194198 152154 179185 152152 112104
LaF.346, 196199 194198 146152 145179 153153 092092
LaF.347, 197197 194198 000000 145145 153153 092092
LaF.348, 197196 194200 146154 145185 153152 112112
LaF.349, 197199 198198 000000 150150 152154 092112
LaF.350, 196199 194200 154158 150150 153152 092112
LaF.351, 197197 198198 154154 145179 153152 112102
LaF.352, 197196 194198 152158 145145 153151 102102
LaF.353, 196199 198198 146146 179179 153152 112102
LaF.354, 196199 198198 152144 179185 153151 112108
LaF.355, 197196 194198 152144 145150 154155 092112
LaF.356, 196196 194194 152154 145145 153152 092112
LaF.357, 197199 198198 154148 179150 153152 092092
LaF.358, 195195 198198 154154 145179 153151 092092
LaF.359, 197196 194198 146168 145179 152152 112118
LaF.360, 196199 194198 154158 145145 152154 112112
LaF.361, 196196 194198 152154 145185 000000 092092
LaF.362, 196199 192198 152144 145185 152154 092092
LaF.363, 197196 198198 146152 145150 151152 092112
LaF.364, 197199 198198 154154 145185 152152 092112
LaF.365, 196196 194198 152158 179185 153153 102102
LaF.366, 196199 194198 000000 145150 154154 102102
LaF.367, 196199 194198 000000 145150 152152 112112
LaF.368, 197199 192200 154154 145145 153153 092112
LaF.369, 195196 194194 154168 145145 152152 092102
LaF.370, 197196 198198 146146 000000 152154 092092
LaF.371, 197199 194200 000000 150150 153152 092102
LaF.372, 196196 198198 152154 145192 153154 092102
LaF.373, 197199 194200 152154 145150 152152 112112
LaF.374, 196196 200198 146154 150185 152152 092104
LaF.375, 196199 192198 152154 192150 153152 092104
LaF.376, 196196 194198 154168 192179 151154 092100
LaF.377, 197196 194194 000000 145145 152152 092102
LaF.378, 196196 194200 000000 145145 152154 092112
LaF.379, 197199 198198 000000 145150 153152 000000
LaF.380, 197196 194198 154158 179185 152154 112100
LaF.381, 196196 198198 000000 000000 152152 092100
LaF.382, 196199 194200 000000 150150 153152 108110
LaF.383, 197199 194194 154168 179179 152152 092104
LaF.384, 197199 194194 154154 179179 153155 092100
LaF.385, 197196 194194 154154 145179 152152 092112
LaF.386, 199199 194198 152154 150185 152152 092100
LaF.387, 199199 194200 000000 000000 152152 092092
LaF.388, 196196 194194 154154 145179 153153 112102
LaF.389, 197196 194194 000000 000000 152152 092092
LaF.390, 197196 192198 146154 192150 152152 112100
LaF.391, 196199 198198 146146 192185 153153 092112
LaF.392, 197199 194198 000000 150185 151152 092118
LaF.393, 197199 194198 000000 179179 154154 092092
LaF.394, 196199 192198 000000 145145 153153 092092
LaF.395, 196196 194198 000000 000000 152152 092092
LaF.396, 196199 200198 152158 145179 153153 092112
LaF.397, 196199 192198 158168 145185 152152 092092
LaF.398, 196196 194198 146152 145179 152154 092118
LaF.399, 197196 194194 146152 192179 152154 112112
LaF.400, 196199 194194 152154 145150 152152 092112
LaF.401, 197196 194198 154148 179179 154154 092100
pop
Poq.402, 197199 192198 000000 145145 152152 092112
Poq.403, 197196 192198 000000 145150 153152 092102
Poq.404, 197199 198198 000000 150185 151152 092112
Poq.405, 197196 194198 000000 179150 154154 092112
Poq.406, 197199 194198 000000 145179 151152 112112
Poq.407, 196199 192198 152144 179150 152152 092092
Poq.408, 197199 192194 152154 179150 153152 092112
Poq.409, 197197 200198 158144 145185 153152 092092
Poq.410, 196199 194194 152158 150185 152152 092100
Poq.411, 197196 192194 000000 179150 152152 092104
Poq.412, 197199 194198 154144 145145 152154 112112
Poq.413, 199199 192194 000000 145150 152152 092092
Poq.414, 195196 194200 154154 145179 154157 092104
Poq.415, 197197 198198 000000 145150 153152 092102
Poq.416, 197196 192200 000000 145179 152152 092118
Poq.417, 195196 200198 152168 179179 000000 092100
Poq.418, 197196 194200 154154 179150 157160 092102
Poq.419, 196196 200198 154158 145185 153152 092092
Poq.420, 196196 192194 152152 179150 153152 092112
Poq.421, 197196 192200 152154 145179 152154 112100
Poq.422, 199199 194198 154144 150150 152152 118102
Poq.423, 197197 194194 152154 145150 153155 112102
Poq.424, 196196 194198 154168 145179 153152 092102
Poq.425, 196199 198198 154158 150185 152154 092092
Poq.426, 197196 194194 000000 179150 153152 092092
Poq.427, 197199 194194 000000 179150 154155 102102
Poq.428, 196199 192198 000000 145179 152152 112112
Poq.429, 197196 200198 154144 192150 000000 112102
Poq.430, 197196 200198 154168 145179 152154 112112
Poq.431, 195196 192198 152154 179179 153152 112112
Poq.432, 197199 194194 152154 179179 152152 092112
Poq.433, 197196 192194 000000 145179 153153 102102
Poq.434, 197197 194194 000000 000000 154154 112102
Poq.435, 197196 192194 000000 179179 152152 112112
Poq.436, 197199 192198 000000 192179 000000 112102
Poq.437, 197199 192198 000000 000000 152152 092112
Poq.438, 196199 198198 000000 145150 154154 114114
Poq.439, 196199 198198 000000 145179 152154 112102
Poq.440, 199199 192198 000000 145179 153153 102102
Poq.441, 196196 194198 000000 179150 152152 000000
Poq.442, 196196 200198 000000 150150 153152 102102
Poq.443, 197196 194200 000000 145179 152152 092112
Poq.444, 197196 194194 000000 145150 153152 112102
Poq.445, 196196 194198 000000 192185 153152 112112
Poq.446, 195197 198198 154154 192185 153152 112112
Poq.447, 195196 198198 152154 179179 153152 092102
Poq.448, 195196 192194 154154 145179 153153 112112
Poq.449, 196199 198198 146168 179179 153152 092102
Poq.450, 195197 198198 154158 145150 152154 100102
Poq.451, 197199 194194 154168 179150 152154 092102
Poq.452, 195196 194194 152152 179179 152154 092112
Poq.453, 196196 192198 154154 145179 152152 092118
Poq.454, 196199 000000 154168 192185 152154 102102
Poq.455, 196196 194200 000000 145179 153154 092102
Poq.456, 197196 194194 152152 179179 152157 100118
Poq.457, 197196 194200 154148 145192 152154 092112
Poq.458, 197197 194198 152154 179179 153152 092112
Poq.459, 196199 198198 154154 145150 153151 112118
Poq.460, 197199 194200 152152 145145 152154 112102
Poq.461, 197199 198198 154154 145179 153152 092092
Poq.462, 196199 194198 154168 179150 151152 118116
Poq.463, 197196 194198 154158 185185 153153 092112
Poq.464, 197197 200200 146152 145179 153152 112102
Poq.465, 197196 192200 146168 145179 153152 092092
Poq.466, 196199 200198 154168 179185 153153 112100
Poq.467, 197196 194198 146152 145185 153153 092092
Poq.468, 197199 194198 146154 145179 152152 092092
Poq.469, 197197 194198 152152 179150 154154 112102
Poq.470, 197199 198198 154144 192179 152154 092092
Poq.471, 197199 194194 146168 150150 153152 092092
Poq.472, 197197 198198 146168 145179 152152 092112
Poq.473, 197199 194198 152154 145179 152152 092092
Poq.474, 197197 194200 152152 185185 153155 102104
Poq.475, 197196 194200 146152 179185 153152 092112
Poq.476, 195197 200198 154158 150150 153152 112102
Poq.477, 195199 194194 146158 000000 152152 112104
Poq.478, 196196 194198 154158 145179 152154 092092
Poq.479, 195197 194198 154154 192185 153153 112118
Poq.480, 196199 198198 154154 145145 153153 092102
Poq.481, 197196 192198 154154 150185 152154 102102
Poq.482, 197199 194194 152154 145185 152154 092092
Poq.483, 196199 194198 168148 192179 152152 092118
Poq.484, 197196 192198 152154 179179 154154 118102
Poq.485, 195196 194198 154154 192179 153152 092092
Poq.486, 196199 192198 146154 179179 153154 092092
Poq.487, 196199 200198 154154 145185 153152 112118
Poq.488, 199199 200198 158168 179150 152152 112100
Poq.489, 197197 194194 152148 192185 152154 112112
Poq.490, 197197 194198 152154 145192 153151 102102
Poq.491, 195199 198198 146146 150150 152154 092112
Poq.492, 197197 194194 154168 145185 152152 092092
Poq.493, 197199 200198 154154 179150 152154 092100
Poq.494, 196199 194194 154158 179179 153154 092102
Poq.495, 196199 000000 000000 000000 152154 114114
Poq.496, 195196 194198 000000 179150 152154 092092
Poq.497, 197196 194198 154148 145179 153153 100102
Poq.498, 197196 192200 152154 145179 152154 112102
Poq.499, 196199 194198 152154 150185 153152 092112
Poq.500, 197197 192194 154156 179179 153152 092112
Poq.501, 197196 192198 154154 179179 152154 118102
Poq.502, 196199 192192 152152 179179 154154 092102
Poq.503, 199199 194194 168168 179185 152152 102102
Poq.504, 196199 194194 154158 145192 153154 112112
Poq.505, 197199 200198 154168 179179 152152 092102
Poq.506, 196196 194198 154158 145179 153154 112112
Poq.507, 197199 192198 152144 150150 153154 092112
Poq.508, 196196 192198 152148 145150 153151 102102
pop
Por.509, 197199 198198 152154 179185 152154 092112
Por.510, 196199 000000 000000 145150 152152 092104
Por.511, 195199 194198 154148 192150 152150 092102
Por.512, 195197 194198 154154 145150 152152 092104
Por.513, 199199 194198 154148 145150 152155 000000
Por.514, 195199 192194 146168 000000 152154 092112
Por.515, 195199 192192 168148 150150 152155 092092
Por.516, 197197 194194 146168 000000 152154 092112
Por.517, 196196 000000 000000 150150 000000 092112
Por.518, 196196 194200 154154 145185 152155 092112
Por.519, 196199 194200 000000 000000 000000 092100
Por.520, 197197 194198 154154 000000 152155 092092
Por.521, 196199 000000 152168 179150 152154 000000
Por.522, 196199 198198 146152 145179 152154 000000
Por.523, 199199 194194 146154 145150 151155 104104
Por.524, 197199 000000 154168 145150 152152 000000
Por.525, 197196 000000 152148 192179 152154 000000
Por.526, 196199 194200 154168 145145 152155 092100
Por.527, 197199 194200 146152 145179 153154 092104
Por.528, 197197 194200 154154 192150 152154 092092
Por.529, 197199 198198 146154 145150 154154 092112
Por.530, 197199 192194 146154 192179 151151 112112
Por.531, 197199 200198 154148 150185 152154 092104
Por.532, 199199 194194 152154 145185 154155 112112
Por.533, 197197 192200 152154 179150 154155 112112
Por.534, 195199 194198 154148 145179 151151 092112
Por.535, 195199 194194 154154 179150 151152 092112
Por.536, 197199 200198 158168 150150 152154 112112
Por.537, 197199 194200 146152 150150 152154 092092
Por.538, 197199 198198 154168 179150 152152 000000
Por.539, 197197 192200 154168 145145 000000 000000
Por.540, 000000 194194 154154 000000 153153 112112
Por.541, 197196 194198 146154 145150 152152 000000
Por.542, 197199 192194 146148 150150 154154 000000
Por.543, 196196 194194 000000 145150 152152 092092
Por.544, 000000 194194 152152 000000 152152 092104
Por.545, 199199 194194 154148 179150 000000 092092
Por.546, 197197 200198 146158 145150 154154 092112
Por.547, 197199 192194 154168 192179 152152 092102
Por.548, 196196 192194 146146 179150 152154 092112
Por.549, 196199 192194 154154 145179 152154 092092
Por.550, 197197 200198 154168 145150 152154 112100
Por.551, 196196 198198 146148 145192 154154 092102
Por.552, 199199 198198 152154 192150 152154 112118
Por.553, 196196 194198 152154 179179 152152 092112
Por.554, 196196 192194 152168 145150 152152 092112
Por.555, 197196 194198 154148 179150 152152 112112
Por.556, 197199 192198 154168 179150 152152 112112
Por.557, 197197 194194 146152 185185 153154 112102
Por.558, 000000 194198 152148 145192 000000 000000
Por.559, 197197 194194 146154 150150 152155 092110
Por.560, 197199 192198 154148 179150 152152 092092
Por.561, 197199 194198 154148 145150 153154 092112
Por.562, 199199 198198 154148 179179 152154 092112
Por.563, 196196 200198 148148 145145 153152 112112
Por.564, 199199 194200 148148 179179 152152 092092
Por.565, 197199 194198 154154 192179 152152 092092
Por.566, 197199 192198 146154 179185 153152 092112
Por.567, 197199 194198 152154 145150 153152 112104
Por.568, 195197 194194 154154 145150 151151 092112
Por.569, 196196 192198 146168 145145 151152 092092
Por.570, 196199 194198 154148 192150 000000 092104
Por.571, 195196 194198 152154 145185 152152 000000
Por.572, 197196 198198 154148 145145 152152 112112
Por.573, 196196 192198 152154 179150 152154 092092
Por.574, 197196 198198 154168 179150 153154 112112
Por.575, 000000 192194 000000 145185 153154 112112
Por.576, 195199 194194 000000 145150 152155 092100
Por.577, 199199 194194 154154 145179 152152 092112
Por.578, 196196 200198 146154 192150 152152 092110
Por.579, 196196 194200 146152 192150 152152 092102
Por.580, 195196 194198 152154 145179 152152 112112
Por.581, 197199 194198 152148 145150 154154 112102
Por.582, 197197 192194 152154 179150 153152 092092
Por.583, 195199 192198 158158 145150 152154 092104
Por.584, 197197 192194 152154 145179 151152 104104
Por.585, 197199 200198 154154 145150 152155 092110
Por.586, 195199 194198 154168 145192 153155 112112
Por.587, 197197 192198 154148 179150 152152 092092
Por.588, 196199 000000 154154 145192 000000 092092
Por.589, 197199 198198 154168 179150 152154 092112
Por.590, 196196 194200 154144 145150 154154 092092
Por.591, 197199 194194 154148 192150 154154 112112
Por.592, 197199 200198 154168 145150 153152 092100
Por.593, 197199 192192 154154 145145 151151 092110
Por.594, 197197 194198 152154 145150 153152 092112
Por.595, 197197 192198 168168 145145 152152 092104
Por.596, 196196 194198 152154 179179 152154 112112
Por.597, 197199 198198 168148 179150 151155 112102
Por.598, 197196 200198 146148 145145 152152 092092
Por.599, 196199 194194 154168 145150 152155 092112
Por.600, 195196 194198 144144 150185 152154 100100
Por.601, 197199 200198 154148 145150 152154 110110
Por.602, 196196 200198 152154 145179 152152 092104
Por.603, 196199 192198 152152 179150 152152 092112
Por.604, 197196 194200 152148 145192 152152 112102
Por.605, 195197 192198 154168 145150 153152 092092
Por.606, 197199 194198 152148 145150 152154 092092
Por.607, 195199 194200 152154 150150 154154 092112
Por.608, 195199 194198 146154 145179 151152 092102
Por.609, 197199 200198 152154 145192 152152 092112
Por.610, 196199 192194 154148 145179 153152 092112
Por.611, 199199 192198 146148 145150 154154 112112
Por.612, 196199 194198 154148 150150 152154 092112
Por.613, 196199 194198 146148 179150 152154 112102
Por.614, 197199 194198 154168 179150 154154 112112
Por.615, 197199 194198 152154 179150 152154 112112
Por.616, 000000 194194 154154 145179 154155 112112
Por.617, 197196 194198 152148 145145 152154 092100
Por.618, 196196 194194 152154 000000 152154 112112
Por.619, 195197 192200 152148 145150 151152 092112
Por.620, 197199 194198 154154 145150 000000 000000
Por.621, 195196 194200 152152 179150 152154 092112
Por.622, 197196 200198 154154 000000 152152 000000
Por.623, 197199 000000 146154 179179 152154 104104
Por.624, 197196 194198 152168 179179 000000 092092
Por.625, 196196 192194 168148 179150 152154 092112
Por.626, 195195 194198 152154 145179 153151 100102
Por.627, 196199 194198 154168 192150 152154 092100
Por.628, 197199 192198 168148 145179 152152 112100
Por.629, 196196 194198 154154 145179 153153 112112
Por.630, 197197 192194 146168 145150 153152 112112
Por.631, 195196 192194 000000 145150 152154 092092
Por.632, 195196 192198 146154 145179 153152 112100
Por.633, 196199 192200 154158 192192 153152 112102
Por.634, 197199 200198 146148 179185 153152 092112
Por.635, 197199 200198 146168 145192 152154 092112
Por.636, 195196 198198 152154 145179 154154 092112
Por.637, 196199 194200 154154 179150 152152 092092
Por.638, 195197 200198 152168 145192 155155 092112
Por.639, 195196 194198 146154 145150 152152 112082
Por.640, 199199 194194 152154 179150 153154 092102
Por.641, 199199 198198 152154 145150 152152 092102
Por.642, 197199 200200 154154 145179 000000 092092
Por.643, 197199 194194 000000 145150 153152 092112
Por.644, 196196 194194 154154 000000 154155 112112
Por.645, 195197 194198 000000 145145 152154 112112
Por.646, 196199 192194 000000 150150 152152 092092
Por.647, 197196 194194 152154 179179 152152 092112
Por.648, 197196 194198 146154 145179 153152 092112
Por.649, 195195 200200 146146 179179 154154 092092
Por.650, 197199 198198 146154 145192 153152 092112
Por.651, 196199 194198 146152 179150 154154 112112
Por.652, 195196 194194 146152 179185 152154 102102
Por.653, 196199 194198 000000 179179 153152 092112
Por.654, 197196 194198 000000 145185 000000 000000
Por.655, 197197 194194 152154 145185 152152 102104
Por.656, 197199 000000 152154 145150 154154 000000
Por.657, 195199 194200 158168 179150 152154 000000
Por.658, 197199 192198 152154 145145 152154 112112
Por.659, 197199 194198 154154 145150 152155 092112
Por.660, 197199 198198 154148 145179 154154 092112
Por.661, 197199 194198 154148 145192 154154 092112
Por.662, 195197 192194 152144 145185 153154 092112
Por.663, 197196 194200 154148 145179 152154 092100
Por.664, 197196 198198 146148 150185 154155 092112
Por.665, 197196 194198 154154 145185 153153 092112
Por.666, 199199 198198 168148 192150 152152 092112
Por.667, 196199 200198 154154 179179 152155 092112
Por.668, 197196 200198 152152 150150 152154 092092
Por.669, 199199 194198 154168 150185 152155 112112
Por.670, 197199 194198 146154 145179 000000 092112
Por.671, 196196 192194 154144 179179 152152 000000
Por.672, 197199 200198 154148 145150 155155 112112
Por.673, 197197 194198 152154 145185 152154 112112
Por.674, 196196 192198 154154 150185 153152 000000
pop
Sar.675, 196199 192200 154158 145145 152154 092092
Sar.676, 195197 192192 154158 145145 152152 092112
Sar.677, 197197 198198 154154 145179 152154 112098
Sar.678, 195199 194198 146148 179185 152152 092112
Sar.679, 197197 192194 148148 179179 152152 092104
Sar.680, 196196 192198 158148 179185 152155 092112
Sar.681, 199199 192200 154168 179150 153152 092112
Sar.682, 197196 194194 146146 179185 152154 112104
Sar.683, 196199 198198 154154 145185 153152 092112
Sar.684, 197196 194198 146158 145179 152154 112112
Sar.685, 197199 192198 146152 179150 152152 092092
Sar.686, 197199 194200 158148 145150 153152 112104
Sar.687, 196199 200198 144144 150185 153154 102102
Sar.688, 196196 192192 144144 145179 151152 112102
Sar.689, 197197 192192 154154 150150 152154 000000
Sar.690, 197196 194200 154144 179185 153152 000000
Sar.691, 197197 194198 154144 179150 153154 092108
Sar.692, 196196 192198 154154 145145 152152 092092
Sar.693, 196196 194194 154154 145179 153152 112112
Sar.694, 197196 194200 158144 179150 152152 092112
Sar.695, 199199 194198 154154 145150 153152 000000
Sar.696, 197197 194194 152144 145145 154154 000000
Sar.697, 199199 194194 154158 145179 152152 108102
Sar.698, 197197 192192 158158 185185 153154 092092 

Genepop4.8.2, Probability test:

Estimation of exact P-Values by the Markov chain method. 
---------------------------------------------
Markov chain parameters:
Dememorization:              10000
Batches:                     20
Iterations per batch:        5000

Genepop4.8.2, Probability test:

Estimation of exact P-Values by the Markov chain method. 
---------------------------------------------
Markov chain parameters:
Dememorization:              10000
Batches:                     20
Iterations per batch:        5000

Genepop4.8.2, Probability test:

Estimation of exact P-Values by the Markov chain method. 
---------------------------------------------
Markov chain parameters:
Dememorization:              10000
Batches:                     20
Iterations per batch:        5000